inputLeft outputLeft inputRight outputRight

0 0 0 0 
0 0 0 0 
-1301 -32383 -1261 -32383 
-1301 -32383 -1261 -32383 
-1299 -32255 -1263 -32255 
-1299 -32255 -1263 -32255 
-1298 -32127 -1263 -32127 
-1298 -32127 -1263 -32127 
-1297 -31999 -1262 -31999 
-1297 -31999 -1262 -31999 
-1296 -31871 -1260 -31871 
-1296 -31871 -1260 -31871 
-1298 -31743 -1261 -31743 
-1298 -31743 -1261 -31743 
-1297 -31615 -1259 -31615 
-1297 -31615 -1259 -31615 
-1296 -31487 -1260 -31487 
-1296 -31487 -1260 -31487 
-1295 -31359 -1258 -31359 
-1295 -31359 -1258 -31359 
-1294 -31231 -1258 -31231 
-1294 -31231 -1258 -31231 
-1295 -31103 -1255 -31103 
-1295 -31103 -1255 -31103 
-1293 -30975 -1257 -30975 
-1293 -30975 -1257 -30975 
-1293 -30847 -1259 -30847 
-1293 -30847 -1259 -30847 
-1296 -30719 -1259 -30719 
-1296 -30719 -1259 -30719 
-1295 -30591 -1257 -30591 
-1295 -30591 -1257 -30591 
-1295 -30463 -1254 -30463 
-1295 -30463 -1254 -30463 
-1293 -30335 -1253 -30335 
-1293 -30335 -1253 -30335 
-1293 -30207 -1254 -30207 
-1293 -30207 -1254 -30207 
-1293 -30079 -1254 -30079 
-1293 -30079 -1254 -30079 
-1293 -29951 -1255 -29951 
-1293 -29951 -1255 -29951 
-1293 -29823 -1254 -29823 
-1293 -29823 -1254 -29823 
-1292 -29695 -1254 -29695 
-1292 -29695 -1254 -29695 
-1291 -29567 -1254 -29567 
-1291 -29567 -1254 -29567 
-1291 -29439 -1254 -29439 
-1291 -29439 -1254 -29439 
-1291 -29311 -1253 -29311 
-1291 -29311 -1253 -29311 
-1290 -29183 -1253 -29183 
-1290 -29183 -1253 -29183 
-1291 -29055 -1254 -29055 
-1291 -29055 -1254 -29055 
-1289 -28927 -1255 -28927 
-1289 -28927 -1255 -28927 
-1289 -28799 -1254 -28799 
-1289 -28799 -1254 -28799 
-1288 -28671 -1255 -28671 
-1288 -28671 -1255 -28671 
-1287 -28543 -1255 -28543 
-1287 -28543 -1255 -28543 
-1288 -28415 -1257 -28415 
-1288 -28415 -1257 -28415 
-1287 -28287 -1256 -28287 
-1287 -28287 -1256 -28287 
-1287 -28159 -1255 -28159 
-1287 -28159 -1255 -28159 
-1286 -28031 -1254 -28031 
-1286 -28031 -1254 -28031 
-1287 -27903 -1254 -27903 
-1287 -27903 -1254 -27903 
-1287 -27775 -1256 -27775 
-1287 -27775 -1256 -27775 
-1285 -27647 -1254 -27647 
-1285 -27647 -1254 -27647 
-1285 -27519 -1254 -27519 
-1285 -27519 -1254 -27519 
-1285 -27391 -1253 -27391 
-1285 -27391 -1253 -27391 
-1284 -27263 -1253 -27263 
-1284 -27263 -1253 -27263 
-1284 -27135 -1252 -27135 
-1284 -27135 -1252 -27135 
-1283 -27007 -1252 -27007 
-1283 -27007 -1252 -27007 
-1284 -26879 -1252 -26879 
-1284 -26879 -1252 -26879 
-1283 -26751 -1253 -26751 
-1283 -26751 -1253 -26751 
-1283 -26623 -1252 -26623 
-1283 -26623 -1252 -26623 
-1282 -26495 -1252 -26495 
-1282 -26495 -1252 -26495 
-1281 -26367 -1250 -26367 
-1281 -26367 -1250 -26367 
-1280 -26239 -1249 -26239 
-1280 -26239 -1249 -26239 
-1281 -26111 -1250 -26111 
-1281 -26111 -1250 -26111 
-1280 -25983 -1248 -25983 
-1280 -25983 -1248 -25983 
-1280 -25855 -1251 -25855 
-1280 -25855 -1251 -25855 
-1281 -25727 -1249 -25727 
-1281 -25727 -1249 -25727 
-1281 -25599 -1250 -25599 
-1281 -25599 -1250 -25599 
-1279 -25471 -1249 -25471 
-1279 -25471 -1249 -25471 
-1280 -25343 -1249 -25343 
-1280 -25343 -1249 -25343 
-1278 -25215 -1249 -25215 
-1278 -25215 -1249 -25215 
-1279 -25087 -1246 -25087 
-1279 -25087 -1246 -25087 
-1277 -24959 -1245 -24959 
-1277 -24959 -1245 -24959 
-1277 -24831 -1246 -24831 
-1277 -24831 -1246 -24831 
-1278 -24703 -1244 -24703 
-1278 -24703 -1244 -24703 
-1276 -24575 -1242 -24575 
-1276 -24575 -1242 -24575 
-1276 -24447 -1242 -24447 
-1276 -24447 -1242 -24447 
-1275 -24319 -1240 -24319 
-1275 -24319 -1240 -24319 
-1276 -24191 -1241 -24191 
-1276 -24191 -1241 -24191 
-1276 -24063 -1241 -24063 
-1276 -24063 -1241 -24063 
-1275 -23935 -1239 -23935 
-1275 -23935 -1239 -23935 
-1275 -23807 -1238 -23807 
-1275 -23807 -1238 -23807 
-1273 -23679 -1240 -23679 
-1273 -23679 -1240 -23679 
-1272 -23551 -1237 -23551 
-1272 -23551 -1237 -23551 
-1272 -23423 -1237 -23423 
-1272 -23423 -1237 -23423 
-1271 -23295 -1235 -23295 
-1271 -23295 -1235 -23295 
-1271 -23167 -1236 -23167 
-1271 -23167 -1236 -23167 
-1269 -23039 -1235 -23039 
-1269 -23039 -1235 -23039 
-1269 -22911 -1235 -22911 
-1269 -22911 -1235 -22911 
-1267 -22783 -1234 -22783 
-1267 -22783 -1234 -22783 
-1267 -22655 -1234 -22655 
-1267 -22655 -1234 -22655 
-1267 -22527 -1231 -22527 
-1267 -22527 -1231 -22527 
-1268 -22399 -1230 -22399 
-1268 -22399 -1230 -22399 
-1267 -22271 -1231 -22271 
-1267 -22271 -1231 -22271 
-1266 -22143 -1229 -22143 
-1266 -22143 -1229 -22143 
-1264 -22015 -1230 -22015 
-1264 -22015 -1230 -22015 
-1263 -21887 -1230 -21887 
-1263 -21887 -1230 -21887 
-1262 -21759 -1229 -21759 
-1262 -21759 -1229 -21759 
-1262 -21631 -1227 -21631 
-1262 -21631 -1227 -21631 
-1260 -21503 -1228 -21503 
-1260 -21503 -1228 -21503 
-1261 -21375 -1224 -21375 
-1261 -21375 -1224 -21375 
-1260 -21247 -1224 -21247 
-1260 -21247 -1224 -21247 
-1257 -21119 -1224 -21119 
-1257 -21119 -1224 -21119 
-1259 -20991 -1222 -20991 
-1259 -20991 -1222 -20991 
-1257 -20863 -1222 -20863 
-1257 -20863 -1222 -20863 
-1256 -20735 -1221 -20735 
-1256 -20735 -1221 -20735 
-1257 -20607 -1222 -20607 
-1257 -20607 -1222 -20607 
-1255 -20479 -1218 -20479 
-1255 -20479 -1218 -20479 
-1253 -20351 -1217 -20351 
-1253 -20351 -1217 -20351 
-1254 -20223 -1219 -20223 
-1254 -20223 -1219 -20223 
-1252 -20095 -1218 -20095 
-1252 -20095 -1218 -20095 
-1253 -19967 -1215 -19967 
-1253 -19967 -1215 -19967 
-1252 -19839 -1214 -19839 
-1252 -19839 -1214 -19839 
-1251 -19711 -1215 -19711 
-1251 -19711 -1215 -19711 
-1249 -19583 -1209 -19583 
-1249 -19583 -1209 -19583 
-1248 -19455 -1210 -19455 
-1248 -19455 -1210 -19455 
-1247 -19327 -1210 -19327 
-1247 -19327 -1210 -19327 
-1247 -19199 -1210 -19199 
-1247 -19199 -1210 -19199 
-1245 -19071 -1210 -19071 
-1245 -19071 -1210 -19071 
-1244 -18943 -1207 -18943 
-1244 -18943 -1207 -18943 
-1245 -18815 -1206 -18815 
-1245 -18815 -1206 -18815 
-1242 -18687 -1205 -18687 
-1242 -18687 -1205 -18687 
-1240 -18559 -1205 -18559 
-1240 -18559 -1205 -18559 
-1239 -18431 -1201 -18431 
-1239 -18431 -1201 -18431 
-1240 -18303 -1201 -18303 
-1240 -18303 -1201 -18303 
-1239 -18175 -1200 -18175 
-1239 -18175 -1200 -18175 
-1237 -18047 -1199 -18047 
-1237 -18047 -1199 -18047 
-1235 -17919 -1196 -17919 
-1235 -17919 -1196 -17919 
-1234 -17791 -1196 -17791 
-1234 -17791 -1196 -17791 
-1231 -17663 -1193 -17663 
-1231 -17663 -1193 -17663 
-1231 -17535 -1190 -17535 
-1231 -17535 -1190 -17535 
-1229 -17407 -1187 -17407 
-1229 -17407 -1187 -17407 
-1229 -17279 -1184 -17279 
-1229 -17279 -1184 -17279 
-1226 -17151 -1185 -17151 
-1226 -17151 -1185 -17151 
-1226 -17023 -1182 -17023 
-1226 -17023 -1182 -17023 
-1225 -16895 -1181 -16895 
-1225 -16895 -1181 -16895 
-1223 -16767 -1178 -16767 
-1223 -16767 -1178 -16767 
-1222 -16639 -1175 -16639 
-1222 -16639 -1175 -16639 
-1220 -16511 -1174 -16511 
-1220 -16511 -1174 -16511 
-1218 -16383 -1175 -16383 
-1218 -16383 -1175 -16383 
-1218 -16255 -1174 -16255 
-1218 -16255 -1174 -16255 
-1214 -16127 -1172 -16127 
-1214 -16127 -1172 -16127 
-1210 -15999 -1172 -15999 
-1210 -15999 -1172 -15999 
-1210 -15871 -1169 -15871 
-1210 -15871 -1169 -15871 
-1210 -15743 -1168 -15743 
-1210 -15743 -1168 -15743 
-1210 -15615 -1168 -15615 
-1210 -15615 -1168 -15615 
-1209 -15487 -1164 -15487 
-1209 -15487 -1164 -15487 
-1205 -15359 -1165 -15359 
-1205 -15359 -1165 -15359 
-1202 -15231 -1164 -15231 
-1202 -15231 -1164 -15231 
-1201 -15103 -1163 -15103 
-1201 -15103 -1163 -15103 
-1200 -14975 -1160 -14975 
-1200 -14975 -1160 -14975 
-1197 -14847 -1156 -14847 
-1197 -14847 -1156 -14847 
-1194 -14719 -1156 -14719 
-1194 -14719 -1156 -14719 
-1192 -14591 -1156 -14591 
-1192 -14591 -1156 -14591 
-1188 -14463 -1152 -14463 
-1188 -14463 -1152 -14463 
-1186 -14335 -1149 -14335 
-1186 -14335 -1149 -14335 
-1185 -14207 -1148 -14207 
-1185 -14207 -1148 -14207 
-1182 -14079 -1144 -14079 
-1182 -14079 -1144 -14079 
-1180 -13951 -1146 -13951 
-1180 -13951 -1146 -13951 
-1179 -13823 -1137 -13823 
-1179 -13823 -1137 -13823 
-1176 -13695 -1136 -13695 
-1176 -13695 -1136 -13695 
-1172 -13567 -1130 -13567 
-1172 -13567 -1130 -13567 
-1171 -13439 -1129 -13439 
-1171 -13439 -1129 -13439 
-1168 -13311 -1128 -13311 
-1168 -13311 -1128 -13311 
-1164 -13183 -1123 -13183 
-1164 -13183 -1123 -13183 
-1164 -13055 -1123 -13055 
-1164 -13055 -1123 -13055 
-1159 -12927 -1118 -12927 
-1159 -12927 -1118 -12927 
-1157 -12799 -1120 -12799 
-1157 -12799 -1120 -12799 
-1153 -12671 -1113 -12671 
-1153 -12671 -1113 -12671 
-1150 -12543 -1112 -12543 
-1150 -12543 -1112 -12543 
-1146 -12415 -1108 -12415 
-1146 -12415 -1108 -12415 
-1145 -12287 -1104 -12287 
-1145 -12287 -1104 -12287 
-1138 -12159 -1101 -12159 
-1138 -12159 -1101 -12159 
-1138 -12031 -1096 -12031 
-1138 -12031 -1096 -12031 
-1135 -11903 -1088 -11903 
-1135 -11903 -1088 -11903 
-1131 -11775 -1089 -11775 
-1131 -11775 -1089 -11775 
-1127 -11647 -1089 -11647 
-1127 -11647 -1089 -11647 
-1123 -11519 -1089 -11519 
-1123 -11519 -1089 -11519 
-1120 -11391 -1088 -11391 
-1120 -11391 -1088 -11391 
-1115 -11263 -1067 -11263 
-1115 -11263 -1067 -11263 
-1111 -11135 -1064 -11135 
-1111 -11135 -1064 -11135 
-1109 -11007 -1060 -11007 
-1109 -11007 -1060 -11007 
-1105 -10879 -1055 -10879 
-1105 -10879 -1055 -10879 
-1101 -10751 -1053 -10751 
-1101 -10751 -1053 -10751 
-1096 -10623 -1045 -10623 
-1096 -10623 -1045 -10623 
-1089 -10495 -1038 -10495 
-1089 -10495 -1038 -10495 
-1088 -10367 -1033 -10367 
-1088 -10367 -1033 -10367 
-1089 -10239 -1028 -10239 
-1089 -10239 -1028 -10239 
-1089 -10111 -1024 -10111 
-1089 -10111 -1024 -10111 
-1088 -9983 -1018 -9983 
-1088 -9983 -1018 -9983 
-1067 -9855 -1014 -9855 
-1067 -9855 -1014 -9855 
-1064 -9727 -1010 -9727 
-1064 -9727 -1010 -9727 
-1058 -9599 -1007 -9599 
-1058 -9599 -1007 -9599 
-1052 -9471 -1000 -9471 
-1052 -9471 -1000 -9471 
-1046 -9343 -998 -9343 
-1046 -9343 -998 -9343 
-1041 -9215 -991 -9215 
-1041 -9215 -991 -9215 
-1035 -9087 -984 -9087 
-1035 -9087 -984 -9087 
-1029 -8959 -975 -8959 
-1029 -8959 -975 -8959 
-1023 -8831 -970 -8831 
-1023 -8831 -970 -8831 
-1016 -8703 -961 -8703 
-1016 -8703 -961 -8703 
-1010 -8575 -956 -8575 
-1010 -8575 -956 -8575 
-1002 -8447 -948 -8447 
-1002 -8447 -948 -8447 
-997 -8319 -941 -8319 
-997 -8319 -941 -8319 
-992 -8191 -932 -8191 
-992 -8191 -932 -8191 
-985 -8063 -926 -8063 
-985 -8063 -926 -8063 
-977 -7935 -916 -7935 
-977 -7935 -916 -7935 
-967 -7807 -907 -7807 
-967 -7807 -907 -7807 
-968 -7679 -901 -7679 
-968 -7679 -901 -7679 
-954 -7551 -897 -7551 
-954 -7551 -897 -7551 
-944 -7423 -892 -7423 
-944 -7423 -892 -7423 
-934 -7295 -884 -7295 
-934 -7295 -884 -7295 
-926 -7167 -882 -7167 
-926 -7167 -882 -7167 
-916 -7039 -870 -7039 
-916 -7039 -870 -7039 
-907 -6911 -850 -6911 
-907 -6911 -850 -6911 
-896 -6783 -843 -6783 
-896 -6783 -843 -6783 
-885 -6655 -830 -6655 
-885 -6655 -830 -6655 
-875 -6527 -820 -6527 
-875 -6527 -820 -6527 
-864 -6399 -809 -6399 
-864 -6399 -809 -6399 
-854 -6271 -796 -6271 
-854 -6271 -796 -6271 
-840 -6143 -784 -6143 
-840 -6143 -784 -6143 
-827 -6015 -770 -6015 
-827 -6015 -770 -6015 
-814 -5887 -757 -5887 
-814 -5887 -757 -5887 
-803 -5759 -746 -5759 
-803 -5759 -746 -5759 
-787 -5631 -725 -5631 
-787 -5631 -725 -5631 
-773 -5503 -726 -5503 
-773 -5503 -726 -5503 
-756 -5375 -726 -5375 
-756 -5375 -726 -5375 
-743 -5247 -693 -5247 
-743 -5247 -693 -5247 
-726 -5119 -673 -5119 
-726 -5119 -673 -5119 
-726 -4991 -651 -4991 
-726 -4991 -651 -4991 
-699 -4863 -632 -4863 
-699 -4863 -632 -4863 
-680 -4735 -618 -4735 
-680 -4735 -618 -4735 
-657 -4607 -600 -4607 
-657 -4607 -600 -4607 
-637 -4479 -582 -4479 
-637 -4479 -582 -4479 
-619 -4351 -562 -4351 
-619 -4351 -562 -4351 
-585 -4223 -545 -4223 
-585 -4223 -545 -4223 
-569 -4095 -521 -4095 
-569 -4095 -521 -4095 
-549 -3967 -504 -3967 
-549 -3967 -504 -3967 
-532 -3839 -484 -3839 
-532 -3839 -484 -3839 
-510 -3711 -463 -3711 
-510 -3711 -463 -3711 
-492 -3583 -444 -3583 
-492 -3583 -444 -3583 
-472 -3455 -421 -3455 
-472 -3455 -421 -3455 
-453 -3327 -399 -3327 
-453 -3327 -399 -3327 
-436 -3199 -376 -3199 
-436 -3199 -376 -3199 
-416 -3071 -352 -3071 
-416 -3071 -352 -3071 
-395 -2943 -327 -2943 
-395 -2943 -327 -2943 
-372 -2815 -303 -2815 
-372 -2815 -303 -2815 
-351 -2687 -280 -2687 
-351 -2687 -280 -2687 
-329 -2559 -260 -2559 
-329 -2559 -260 -2559 
-307 -2431 -238 -2431 
-307 -2431 -238 -2431 
-282 -2303 -216 -2303 
-282 -2303 -216 -2303 
-259 -2175 -203 -2175 
-259 -2175 -203 -2175 
-234 -2047 -184 -2047 
-234 -2047 -184 -2047 
-210 -1919 -159 -1919 
-210 -1919 -159 -1919 
-186 -1791 -139 -1791 
-186 -1791 -139 -1791 
-161 -1663 -119 -1663 
-161 -1663 -119 -1663 
-138 -1535 -99 -1535 
-138 -1535 -99 -1535 
-114 -1407 -78 -1407 
-114 -1407 -78 -1407 
-93 -1279 -60 -1279 
-93 -1279 -60 -1279 
-73 -1151 -44 -1151 
-73 -1151 -44 -1151 
-54 -1023 -25 -1023 
-54 -1023 -25 -1023 
-35 -895 0 -895 
-35 -895 0 -895 
0 -767 0 -767 
0 -767 0 -767 
0 -639 0 -639 
0 -639 0 -639 
0 -511 0 -511 
0 -511 0 -511 
0 -383 0 -383 
0 -383 0 -383 
0 -255 0 -255 
0 -255 0 -255 
0 -127 0 -127 
0 -127 0 -127 
0 1 0 1 
0 1 0 1 
0 129 0 129 
0 129 0 129 
0 257 0 257 
0 257 0 257 
0 385 0 385 
0 385 0 385 
0 513 0 513 
0 513 0 513 
0 641 0 641 
0 641 0 641 
0 769 0 769 
0 769 0 769 
0 897 0 897 
0 897 0 897 
0 1025 0 1025 
0 1025 0 1025 
66 1153 55 1153 
66 1153 55 1153 
96 1281 71 1281 
96 1281 71 1281 
117 1409 90 1409 
117 1409 90 1409 
136 1537 109 1537 
136 1537 109 1537 
156 1665 128 1665 
156 1665 128 1665 
178 1793 148 1793 
178 1793 148 1793 
202 1921 168 1921 
202 1921 168 1921 
225 2049 187 2049 
225 2049 187 2049 
245 2177 207 2177 
245 2177 207 2177 
268 2305 229 2305 
268 2305 229 2305 
290 2433 248 2433 
290 2433 248 2433 
311 2561 265 2561 
311 2561 265 2561 
330 2689 285 2689 
330 2689 285 2689 
352 2817 306 2817 
352 2817 306 2817 
372 2945 326 2945 
372 2945 326 2945 
390 3073 344 3073 
390 3073 344 3073 
411 3201 363 3201 
411 3201 363 3201 
429 3329 383 3329 
429 3329 383 3329 
449 3457 404 3457 
449 3457 404 3457 
467 3585 423 3585 
467 3585 423 3585 
484 3713 441 3713 
484 3713 441 3713 
510 3841 461 3841 
510 3841 461 3841 
532 3969 474 3969 
532 3969 474 3969 
551 4097 491 4097 
551 4097 491 4097 
570 4225 511 4225 
570 4225 511 4225 
585 4353 527 4353 
585 4353 527 4353 
601 4481 543 4481 
601 4481 543 4481 
616 4609 564 4609 
616 4609 564 4609 
629 4737 584 4737 
629 4737 584 4737 
641 4865 607 4865 
641 4865 607 4865 
653 4993 618 4993 
653 4993 618 4993 
662 5121 637 5121 
662 5121 637 5121 
675 5249 646 5249 
675 5249 646 5249 
688 5377 655 5377 
688 5377 655 5377 
700 5505 665 5505 
700 5505 665 5505 
721 5633 681 5633 
721 5633 681 5633 
790 5761 697 5761 
790 5761 697 5761 
802 5889 714 5889 
802 5889 714 5889 
816 6017 726 6017 
816 6017 726 6017 
832 6145 725 6145 
832 6145 725 6145 
841 6273 760 6273 
841 6273 760 6273 
857 6401 777 6401 
857 6401 777 6401 
871 6529 791 6529 
871 6529 791 6529 
881 6657 795 6657 
881 6657 795 6657 
891 6785 806 6785 
891 6785 806 6785 
907 6913 822 6913 
907 6913 822 6913 
913 7041 840 7041 
913 7041 840 7041 
922 7169 848 7169 
922 7169 848 7169 
934 7297 859 7297 
934 7297 859 7297 
942 7425 868 7425 
942 7425 868 7425 
953 7553 876 7553 
953 7553 876 7553 
961 7681 886 7681 
961 7681 886 7681 
968 7809 898 7809 
968 7809 898 7809 
974 7937 907 7937 
974 7937 907 7937 
985 8065 918 8065 
985 8065 918 8065 
993 8193 921 8193 
993 8193 921 8193 
997 8321 931 8321 
997 8321 931 8321 
1006 8449 939 8449 
1006 8449 939 8449 
1015 8577 947 8577 
1015 8577 947 8577 
1022 8705 953 8705 
1022 8705 953 8705 
1028 8833 957 8833 
1028 8833 957 8833 
1036 8961 963 8961 
1036 8961 963 8961 
1037 9089 969 9089 
1037 9089 969 9089 
1043 9217 978 9217 
1043 9217 978 9217 
1049 9345 989 9345 
1049 9345 989 9345 
1059 9473 990 9473 
1059 9473 990 9473 
1064 9601 999 9601 
1064 9601 999 9601 
1069 9729 1008 9729 
1069 9729 1008 9729 
1070 9857 1013 9857 
1070 9857 1013 9857 
1080 9985 1016 9985 
1080 9985 1016 9985 
1089 10113 1021 10113 
1089 10113 1021 10113 
1089 10241 1031 10241 
1089 10241 1031 10241 
1088 10369 1034 10369 
1088 10369 1034 10369 
1089 10497 1041 10497 
1089 10497 1041 10497 
1089 10625 1047 10625 
1089 10625 1047 10625 
1089 10753 1053 10753 
1089 10753 1053 10753 
1110 10881 1056 10881 
1110 10881 1056 10881 
1116 11009 1062 11009 
1116 11009 1062 11009 
1120 11137 1064 11137 
1120 11137 1064 11137 
1123 11265 1071 11265 
1123 11265 1071 11265 
1131 11393 1073 11393 
1131 11393 1073 11393 
1132 11521 1074 11521 
1132 11521 1074 11521 
1133 11649 1081 11649 
1133 11649 1081 11649 
1139 11777 1089 11777 
1139 11777 1089 11777 
1146 11905 1089 11905 
1146 11905 1089 11905 
1146 12033 1089 12033 
1146 12033 1089 12033 
1152 12161 1089 12161 
1152 12161 1089 12161 
1155 12289 1088 12289 
1155 12289 1088 12289 
1162 12417 1089 12417 
1162 12417 1089 12417 
1160 12545 1108 12545 
1160 12545 1108 12545 
1164 12673 1114 12673 
1164 12673 1114 12673 
1168 12801 1117 12801 
1168 12801 1117 12801 
1170 12929 1118 12929 
1170 12929 1118 12929 
1171 13057 1120 13057 
1171 13057 1120 13057 
1175 13185 1127 13185 
1175 13185 1127 13185 
1180 13313 1127 13313 
1180 13313 1127 13313 
1182 13441 1132 13441 
1182 13441 1132 13441 
1185 13569 1135 13569 
1185 13569 1135 13569 
1187 13697 1137 13697 
1187 13697 1137 13697 
1188 13825 1138 13825 
1188 13825 1138 13825 
1191 13953 1132 13953 
1191 13953 1132 13953 
1193 14081 1134 14081 
1193 14081 1134 14081 
1193 14209 1137 14209 
1193 14209 1137 14209 
1195 14337 1139 14337 
1195 14337 1139 14337 
1196 14465 1146 14465 
1196 14465 1146 14465 
1197 14593 1146 14593 
1197 14593 1146 14593 
1201 14721 1146 14721 
1201 14721 1146 14721 
1202 14849 1148 14849 
1202 14849 1148 14849 
1206 14977 1152 14977 
1206 14977 1152 14977 
1210 15105 1155 15105 
1210 15105 1155 15105 
1210 15233 1156 15233 
1210 15233 1156 15233 
1211 15361 1162 15361 
1211 15361 1162 15361 
1209 15489 1166 15489 
1209 15489 1166 15489 
1210 15617 1168 15617 
1210 15617 1168 15617 
1216 15745 1169 15745 
1216 15745 1169 15745 
1221 15873 1170 15873 
1221 15873 1170 15873 
1224 16001 1172 16001 
1224 16001 1172 16001 
1226 16129 1175 16129 
1226 16129 1175 16129 
1225 16257 1177 16257 
1225 16257 1177 16257 
1227 16385 1179 16385 
1227 16385 1179 16385 
1227 16513 1184 16513 
1227 16513 1184 16513 
1229 16641 1185 16641 
1229 16641 1185 16641 
1230 16769 1187 16769 
1230 16769 1187 16769 
1234 16897 1185 16897 
1234 16897 1185 16897 
1233 17025 1186 17025 
1233 17025 1186 17025 
1235 17153 1188 17153 
1235 17153 1188 17153 
1237 17281 1190 17281 
1237 17281 1190 17281 
1237 17409 1192 17409 
1237 17409 1192 17409 
1238 17537 1193 17537 
1238 17537 1193 17537 
1240 17665 1197 17665 
1240 17665 1197 17665 
1240 17793 1198 17793 
1240 17793 1198 17793 
1244 17921 1200 17921 
1244 17921 1200 17921 
1245 18049 1202 18049 
1245 18049 1202 18049 
1245 18177 1202 18177 
1245 18177 1202 18177 
1245 18305 1203 18305 
1245 18305 1203 18305 
1246 18433 1205 18433 
1246 18433 1205 18433 
1247 18561 1210 18561 
1247 18561 1210 18561 
1247 18689 1210 18689 
1247 18689 1210 18689 
1248 18817 1209 18817 
1248 18817 1209 18817 
1249 18945 1210 18945 
1249 18945 1210 18945 
1251 19073 1210 19073 
1251 19073 1210 19073 
1252 19201 1211 19201 
1252 19201 1211 19201 
1253 19329 1215 19329 
1253 19329 1215 19329 
1253 19457 1218 19457 
1253 19457 1218 19457 
1254 19585 1220 19585 
1254 19585 1220 19585 
1254 19713 1223 19713 
1254 19713 1223 19713 
1257 19841 1222 19841 
1257 19841 1222 19841 
1257 19969 1224 19969 
1257 19969 1224 19969 
1259 20097 1225 20097 
1259 20097 1225 20097 
1259 20225 1227 20225 
1259 20225 1227 20225 
1262 20353 1230 20353 
1262 20353 1230 20353 
1262 20481 1231 20481 
1262 20481 1231 20481 
1263 20609 1231 20609 
1263 20609 1231 20609 
1264 20737 1231 20737 
1264 20737 1231 20737 
1264 20865 1234 20865 
1264 20865 1234 20865 
1266 20993 1235 20993 
1266 20993 1235 20993 
1267 21121 1238 21121 
1267 21121 1238 21121 
1267 21249 1238 21249 
1267 21249 1238 21249 
1268 21377 1240 21377 
1268 21377 1240 21377 
1270 21505 1241 21505 
1270 21505 1241 21505 
1270 21633 1243 21633 
1270 21633 1243 21633 
1270 21761 1243 21761 
1270 21761 1243 21761 
1272 21889 1243 21889 
1272 21889 1243 21889 
1272 22017 1245 22017 
1272 22017 1245 22017 
1274 22145 1244 22145 
1274 22145 1244 22145 
1273 22273 1247 22273 
1273 22273 1247 22273 
1276 22401 1249 22401 
1276 22401 1249 22401 
1279 22529 1251 22529 
1279 22529 1251 22529 
1280 22657 1249 22657 
1280 22657 1249 22657 
1281 22785 1251 22785 
1281 22785 1251 22785 
1279 22913 1252 22913 
1279 22913 1252 22913 
1280 23041 1253 23041 
1280 23041 1253 23041 
1282 23169 1254 23169 
1282 23169 1254 23169 
1281 23297 1255 23297 
1281 23297 1255 23297 
1281 23425 1257 23425 
1281 23425 1257 23425 
1283 23553 1257 23553 
1283 23553 1257 23553 
1282 23681 1257 23681 
1282 23681 1257 23681 
1283 23809 1258 23809 
1283 23809 1258 23809 
1284 23937 1259 23937 
1284 23937 1259 23937 
1284 24065 1259 24065 
1284 24065 1259 24065 
1286 24193 1259 24193 
1286 24193 1259 24193 
1287 24321 1261 24321 
1287 24321 1261 24321 
1285 24449 1260 24449 
1285 24449 1260 24449 
1287 24577 1261 24577 
1287 24577 1261 24577 
1285 24705 1262 24705 
1285 24705 1262 24705 
1285 24833 1264 24833 
1285 24833 1264 24833 
1286 24961 1264 24961 
1286 24961 1264 24961 
1287 25089 1265 25089 
1287 25089 1265 25089 
1288 25217 1265 25217 
1288 25217 1265 25217 
1288 25345 1268 25345 
1288 25345 1268 25345 
1288 25473 1267 25473 
1288 25473 1267 25473 
1288 25601 1270 25601 
1288 25601 1270 25601 
1289 25729 1270 25729 
1289 25729 1270 25729 
1289 25857 1270 25857 
1289 25857 1270 25857 
1289 25985 1270 25985 
1289 25985 1270 25985 
1289 26113 1271 26113 
1289 26113 1271 26113 
1291 26241 1271 26241 
1291 26241 1271 26241 
1291 26369 1273 26369 
1291 26369 1273 26369 
1291 26497 1274 26497 
1291 26497 1274 26497 
1291 26625 1275 26625 
1291 26625 1275 26625 
1290 26753 1275 26753 
1290 26753 1275 26753 
1293 26881 1274 26881 
1293 26881 1274 26881 
1294 27009 1276 27009 
1294 27009 1276 27009 
1295 27137 1276 27137 
1295 27137 1276 27137 
1295 27265 1279 27265 
1295 27265 1279 27265 
1297 27393 1278 27393 
1297 27393 1278 27393 
1299 27521 1279 27521 
1299 27521 1279 27521 
1296 27649 1279 27649 
1296 27649 1279 27649 
1297 27777 1281 27777 
1297 27777 1281 27777 
1299 27905 1281 27905 
1299 27905 1281 27905 
1299 28033 1283 28033 
1299 28033 1283 28033 
1300 28161 1284 28161 
1300 28161 1284 28161 
1299 28289 1285 28289 
1299 28289 1285 28289 
1303 28417 1285 28417 
1303 28417 1285 28417 
1299 28545 1286 28545 
1299 28545 1286 28545 
1301 28673 1286 28673 
1301 28673 1286 28673 
1304 28801 1286 28801 
1304 28801 1286 28801 
1301 28929 1287 28929 
1301 28929 1287 28929 
1299 29057 1288 29057 
1299 29057 1288 29057 
1299 29185 1289 29185 
1299 29185 1289 29185 
1300 29313 1290 29313 
1300 29313 1290 29313 
1301 29441 1290 29441 
1301 29441 1290 29441 
1302 29569 1290 29569 
1302 29569 1290 29569 
1302 29697 1291 29697 
1302 29697 1291 29697 
1303 29825 1290 29825 
1303 29825 1290 29825 
1305 29953 1292 29953 
1305 29953 1292 29953 
1304 30081 1292 30081 
1304 30081 1292 30081 
1307 30209 1294 30209 
1307 30209 1294 30209 
1307 30337 1292 30337 
1307 30337 1292 30337 
1307 30465 1293 30465 
1307 30465 1293 30465 
1307 30593 1295 30593 
1307 30593 1295 30593 
1309 30721 1296 30721 
1309 30721 1296 30721 
1308 30849 1298 30849 
1308 30849 1298 30849 
1306 30977 1298 30977 
1306 30977 1298 30977 
1308 31105 1299 31105 
1308 31105 1299 31105 
1310 31233 1300 31233 
1310 31233 1300 31233 
1311 31361 1302 31361 
1311 31361 1302 31361 
1311 31489 1301 31489 
1311 31489 1301 31489 
1312 31617 1301 31617 
1312 31617 1301 31617 
1309 31745 1301 31745 
1309 31745 1301 31745 
1311 31873 1302 31873 
1311 31873 1302 31873 
1311 32001 1302 32001 
1311 32001 1302 32001 
1311 32129 1303 32129 
1311 32129 1303 32129 
1311 32257 1302 32257 
1311 32257 1302 32257 
1313 32385 1306 32385 
1313 32385 1306 32385 
1315 32513 1310 32513 
1315 32513 1310 32513 
1320 32641 1316 32641 
1319 32767 1314 32767 
1319 32767 1314 32767 
