inputLeft outputLeft inputRight outputRight

0 0 0 0 
0 0 0 0 
0 -32255 0 -32255 
0 -32255 0 -32255 
-1291 -32127 -1257 -32127 
-1291 -32127 -1257 -32127 
-1290 -31999 -1255 -31999 
-1290 -31999 -1255 -31999 
-1290 -31871 -1257 -31871 
-1290 -31871 -1257 -31871 
-1290 -31743 -1258 -31743 
-1290 -31743 -1258 -31743 
-1290 -31615 -1257 -31615 
-1290 -31615 -1257 -31615 
-1290 -31487 -1257 -31487 
-1290 -31487 -1257 -31487 
-1290 -31359 -1257 -31359 
-1290 -31359 -1257 -31359 
-1289 -31231 -1256 -31231 
-1289 -31231 -1256 -31231 
-1289 -31103 -1254 -31103 
-1289 -31103 -1254 -31103 
-1288 -30975 -1254 -30975 
-1288 -30975 -1254 -30975 
-1287 -30847 -1255 -30847 
-1287 -30847 -1255 -30847 
-1287 -30719 -1254 -30719 
-1287 -30719 -1254 -30719 
-1286 -30591 -1253 -30591 
-1286 -30591 -1253 -30591 
-1286 -30463 -1251 -30463 
-1286 -30463 -1251 -30463 
-1286 -30335 -1253 -30335 
-1286 -30335 -1253 -30335 
-1283 -30207 -1252 -30207 
-1283 -30207 -1252 -30207 
-1283 -30079 -1254 -30079 
-1283 -30079 -1254 -30079 
-1284 -29951 -1253 -29951 
-1284 -29951 -1253 -29951 
-1284 -29823 -1252 -29823 
-1284 -29823 -1252 -29823 
-1281 -29695 -1249 -29695 
-1281 -29695 -1249 -29695 
-1283 -29567 -1251 -29567 
-1283 -29567 -1251 -29567 
-1283 -29439 -1251 -29439 
-1283 -29439 -1251 -29439 
-1282 -29311 -1251 -29311 
-1282 -29311 -1251 -29311 
-1282 -29183 -1251 -29183 
-1282 -29183 -1251 -29183 
-1279 -29055 -1247 -29055 
-1279 -29055 -1247 -29055 
-1280 -28927 -1248 -28927 
-1280 -28927 -1248 -28927 
-1279 -28799 -1248 -28799 
-1279 -28799 -1248 -28799 
-1279 -28671 -1247 -28671 
-1279 -28671 -1247 -28671 
-1278 -28543 -1246 -28543 
-1278 -28543 -1246 -28543 
-1276 -28415 -1245 -28415 
-1276 -28415 -1245 -28415 
-1276 -28287 -1247 -28287 
-1276 -28287 -1247 -28287 
-1277 -28159 -1246 -28159 
-1277 -28159 -1246 -28159 
-1275 -28031 -1244 -28031 
-1275 -28031 -1244 -28031 
-1276 -27903 -1245 -27903 
-1276 -27903 -1245 -27903 
-1274 -27775 -1243 -27775 
-1274 -27775 -1243 -27775 
-1276 -27647 -1244 -27647 
-1276 -27647 -1244 -27647 
-1276 -27519 -1245 -27519 
-1276 -27519 -1245 -27519 
-1274 -27391 -1244 -27391 
-1274 -27391 -1244 -27391 
-1275 -27263 -1241 -27263 
-1275 -27263 -1241 -27263 
-1274 -27135 -1242 -27135 
-1274 -27135 -1242 -27135 
-1274 -27007 -1240 -27007 
-1274 -27007 -1240 -27007 
-1274 -26879 -1240 -26879 
-1274 -26879 -1240 -26879 
-1273 -26751 -1239 -26751 
-1273 -26751 -1239 -26751 
-1273 -26623 -1240 -26623 
-1273 -26623 -1240 -26623 
-1273 -26495 -1240 -26495 
-1273 -26495 -1240 -26495 
-1273 -26367 -1240 -26367 
-1273 -26367 -1240 -26367 
-1273 -26239 -1240 -26239 
-1273 -26239 -1240 -26239 
-1272 -26111 -1239 -26111 
-1272 -26111 -1239 -26111 
-1272 -25983 -1237 -25983 
-1272 -25983 -1237 -25983 
-1271 -25855 -1240 -25855 
-1271 -25855 -1240 -25855 
-1271 -25727 -1240 -25727 
-1271 -25727 -1240 -25727 
-1268 -25599 -1238 -25599 
-1268 -25599 -1238 -25599 
-1268 -25471 -1235 -25471 
-1268 -25471 -1235 -25471 
-1266 -25343 -1234 -25343 
-1266 -25343 -1234 -25343 
-1267 -25215 -1235 -25215 
-1267 -25215 -1235 -25215 
-1266 -25087 -1234 -25087 
-1266 -25087 -1234 -25087 
-1266 -24959 -1234 -24959 
-1266 -24959 -1234 -24959 
-1266 -24831 -1234 -24831 
-1266 -24831 -1234 -24831 
-1266 -24703 -1233 -24703 
-1266 -24703 -1233 -24703 
-1264 -24575 -1232 -24575 
-1264 -24575 -1232 -24575 
-1263 -24447 -1231 -24447 
-1263 -24447 -1231 -24447 
-1263 -24319 -1229 -24319 
-1263 -24319 -1229 -24319 
-1263 -24191 -1231 -24191 
-1263 -24191 -1231 -24191 
-1261 -24063 -1232 -24063 
-1261 -24063 -1232 -24063 
-1262 -23935 -1231 -23935 
-1262 -23935 -1231 -23935 
-1261 -23807 -1230 -23807 
-1261 -23807 -1230 -23807 
-1259 -23679 -1226 -23679 
-1259 -23679 -1226 -23679 
-1260 -23551 -1228 -23551 
-1260 -23551 -1228 -23551 
-1257 -23423 -1229 -23423 
-1257 -23423 -1229 -23423 
-1258 -23295 -1229 -23295 
-1258 -23295 -1229 -23295 
-1256 -23167 -1230 -23167 
-1256 -23167 -1230 -23167 
-1256 -23039 -1225 -23039 
-1256 -23039 -1225 -23039 
-1255 -22911 -1225 -22911 
-1255 -22911 -1225 -22911 
-1255 -22783 -1224 -22783 
-1255 -22783 -1224 -22783 
-1255 -22655 -1227 -22655 
-1255 -22655 -1227 -22655 
-1254 -22527 -1226 -22527 
-1254 -22527 -1226 -22527 
-1253 -22399 -1225 -22399 
-1253 -22399 -1225 -22399 
-1252 -22271 -1223 -22271 
-1252 -22271 -1223 -22271 
-1252 -22143 -1221 -22143 
-1252 -22143 -1221 -22143 
-1250 -22015 -1220 -22015 
-1250 -22015 -1220 -22015 
-1250 -21887 -1218 -21887 
-1250 -21887 -1218 -21887 
-1250 -21759 -1221 -21759 
-1250 -21759 -1221 -21759 
-1248 -21631 -1217 -21631 
-1248 -21631 -1217 -21631 
-1247 -21503 -1217 -21503 
-1247 -21503 -1217 -21503 
-1247 -21375 -1217 -21375 
-1247 -21375 -1217 -21375 
-1246 -21247 -1215 -21247 
-1246 -21247 -1215 -21247 
-1245 -21119 -1214 -21119 
-1245 -21119 -1214 -21119 
-1244 -20991 -1210 -20991 
-1244 -20991 -1210 -20991 
-1244 -20863 -1209 -20863 
-1244 -20863 -1209 -20863 
-1243 -20735 -1210 -20735 
-1243 -20735 -1210 -20735 
-1242 -20607 -1210 -20607 
-1242 -20607 -1210 -20607 
-1242 -20479 -1208 -20479 
-1242 -20479 -1208 -20479 
-1240 -20351 -1207 -20351 
-1240 -20351 -1207 -20351 
-1240 -20223 -1204 -20223 
-1240 -20223 -1204 -20223 
-1239 -20095 -1205 -20095 
-1239 -20095 -1205 -20095 
-1239 -19967 -1204 -19967 
-1239 -19967 -1204 -19967 
-1239 -19839 -1206 -19839 
-1239 -19839 -1206 -19839 
-1236 -19711 -1207 -19711 
-1236 -19711 -1207 -19711 
-1236 -19583 -1206 -19583 
-1236 -19583 -1206 -19583 
-1234 -19455 -1205 -19455 
-1234 -19455 -1205 -19455 
-1233 -19327 -1203 -19327 
-1233 -19327 -1203 -19327 
-1233 -19199 -1201 -19199 
-1233 -19199 -1201 -19199 
-1231 -19071 -1198 -19071 
-1231 -19071 -1198 -19071 
-1231 -18943 -1194 -18943 
-1231 -18943 -1194 -18943 
-1229 -18815 -1192 -18815 
-1229 -18815 -1192 -18815 
-1231 -18687 -1190 -18687 
-1231 -18687 -1190 -18687 
-1228 -18559 -1191 -18559 
-1228 -18559 -1191 -18559 
-1227 -18431 -1188 -18431 
-1227 -18431 -1188 -18431 
-1226 -18303 -1188 -18303 
-1226 -18303 -1188 -18303 
-1225 -18175 -1189 -18175 
-1225 -18175 -1189 -18175 
-1225 -18047 -1184 -18047 
-1225 -18047 -1184 -18047 
-1223 -17919 -1184 -17919 
-1223 -17919 -1184 -17919 
-1223 -17791 -1180 -17791 
-1223 -17791 -1180 -17791 
-1220 -17663 -1180 -17663 
-1220 -17663 -1180 -17663 
-1219 -17535 -1179 -17535 
-1219 -17535 -1179 -17535 
-1219 -17407 -1179 -17407 
-1219 -17407 -1179 -17407 
-1217 -17279 -1176 -17279 
-1217 -17279 -1176 -17279 
-1215 -17151 -1174 -17151 
-1215 -17151 -1174 -17151 
-1210 -17023 -1172 -17023 
-1210 -17023 -1172 -17023 
-1210 -16895 -1168 -16895 
-1210 -16895 -1168 -16895 
-1210 -16767 -1167 -16767 
-1210 -16767 -1167 -16767 
-1210 -16639 -1164 -16639 
-1210 -16639 -1164 -16639 
-1211 -16511 -1162 -16511 
-1211 -16511 -1162 -16511 
-1209 -16383 -1165 -16383 
-1209 -16383 -1165 -16383 
-1210 -16255 -1162 -16255 
-1210 -16255 -1162 -16255 
-1209 -16127 -1160 -16127 
-1209 -16127 -1160 -16127 
-1210 -15999 -1157 -15999 
-1210 -15999 -1157 -15999 
-1200 -15871 -1156 -15871 
-1200 -15871 -1156 -15871 
-1199 -15743 -1153 -15743 
-1199 -15743 -1153 -15743 
-1198 -15615 -1151 -15615 
-1198 -15615 -1151 -15615 
-1195 -15487 -1149 -15487 
-1195 -15487 -1149 -15487 
-1194 -15359 -1148 -15359 
-1194 -15359 -1148 -15359 
-1191 -15231 -1145 -15231 
-1191 -15231 -1145 -15231 
-1191 -15103 -1143 -15103 
-1191 -15103 -1143 -15103 
-1189 -14975 -1143 -14975 
-1189 -14975 -1143 -14975 
-1187 -14847 -1140 -14847 
-1187 -14847 -1140 -14847 
-1184 -14719 -1139 -14719 
-1184 -14719 -1139 -14719 
-1184 -14591 -1138 -14591 
-1184 -14591 -1138 -14591 
-1181 -14463 -1135 -14463 
-1181 -14463 -1135 -14463 
-1178 -14335 -1132 -14335 
-1178 -14335 -1132 -14335 
-1177 -14207 -1128 -14207 
-1177 -14207 -1128 -14207 
-1176 -14079 -1128 -14079 
-1176 -14079 -1128 -14079 
-1173 -13951 -1126 -13951 
-1173 -13951 -1126 -13951 
-1169 -13823 -1124 -13823 
-1169 -13823 -1124 -13823 
-1167 -13695 -1122 -13695 
-1167 -13695 -1122 -13695 
-1163 -13567 -1118 -13567 
-1163 -13567 -1118 -13567 
-1161 -13439 -1115 -13439 
-1161 -13439 -1115 -13439 
-1158 -13311 -1113 -13311 
-1158 -13311 -1113 -13311 
-1155 -13183 -1108 -13183 
-1155 -13183 -1108 -13183 
-1152 -13055 -1107 -13055 
-1152 -13055 -1107 -13055 
-1151 -12927 -1103 -12927 
-1151 -12927 -1103 -12927 
-1148 -12799 -1102 -12799 
-1148 -12799 -1102 -12799 
-1145 -12671 -1099 -12671 
-1145 -12671 -1099 -12671 
-1141 -12543 -1094 -12543 
-1141 -12543 -1094 -12543 
-1139 -12415 -1089 -12415 
-1139 -12415 -1089 -12415 
-1135 -12287 -1090 -12287 
-1135 -12287 -1090 -12287 
-1134 -12159 -1089 -12159 
-1134 -12159 -1089 -12159 
-1129 -12031 -1089 -12031 
-1129 -12031 -1089 -12031 
-1127 -11903 -1089 -11903 
-1127 -11903 -1089 -11903 
-1122 -11775 -1089 -11775 
-1122 -11775 -1089 -11775 
-1118 -11647 -1068 -11647 
-1118 -11647 -1068 -11647 
-1115 -11519 -1065 -11519 
-1115 -11519 -1065 -11519 
-1112 -11391 -1059 -11391 
-1112 -11391 -1059 -11391 
-1108 -11263 -1056 -11263 
-1108 -11263 -1056 -11263 
-1105 -11135 -1050 -11135 
-1105 -11135 -1050 -11135 
-1101 -11007 -1048 -11007 
-1101 -11007 -1048 -11007 
-1096 -10879 -1045 -10879 
-1096 -10879 -1045 -10879 
-1088 -10751 -1040 -10751 
-1088 -10751 -1040 -10751 
-1089 -10623 -1037 -10623 
-1089 -10623 -1037 -10623 
-1089 -10495 -1032 -10495 
-1089 -10495 -1032 -10495 
-1089 -10367 -1027 -10367 
-1089 -10367 -1027 -10367 
-1089 -10239 -1020 -10239 
-1089 -10239 -1020 -10239 
-1071 -10111 -1014 -10111 
-1071 -10111 -1014 -10111 
-1065 -9983 -1009 -9983 
-1065 -9983 -1009 -9983 
-1061 -9855 -1004 -9855 
-1061 -9855 -1004 -9855 
-1055 -9727 -1000 -9727 
-1055 -9727 -1000 -9727 
-1051 -9599 -993 -9599 
-1051 -9599 -993 -9599 
-1045 -9471 -986 -9471 
-1045 -9471 -986 -9471 
-1041 -9343 -981 -9343 
-1041 -9343 -981 -9343 
-1034 -9215 -974 -9215 
-1034 -9215 -974 -9215 
-1029 -9087 -967 -9087 
-1029 -9087 -967 -9087 
-1022 -8959 -961 -8959 
-1022 -8959 -961 -8959 
-1016 -8831 -953 -8831 
-1016 -8831 -953 -8831 
-1010 -8703 -945 -8703 
-1010 -8703 -945 -8703 
-1004 -8575 -939 -8575 
-1004 -8575 -939 -8575 
-998 -8447 -932 -8447 
-998 -8447 -932 -8447 
-991 -8319 -928 -8319 
-991 -8319 -928 -8319 
-984 -8191 -922 -8191 
-984 -8191 -922 -8191 
-975 -8063 -913 -8063 
-975 -8063 -913 -8063 
-968 -7935 -906 -7935 
-968 -7935 -906 -7935 
-968 -7807 -898 -7807 
-968 -7807 -898 -7807 
-953 -7679 -893 -7679 
-953 -7679 -893 -7679 
-945 -7551 -882 -7551 
-945 -7551 -882 -7551 
-935 -7423 -872 -7423 
-935 -7423 -872 -7423 
-926 -7295 -864 -7295 
-926 -7295 -864 -7295 
-915 -7167 -857 -7167 
-915 -7167 -857 -7167 
-905 -7039 -846 -7039 
-905 -7039 -846 -7039 
-898 -6911 -839 -6911 
-898 -6911 -839 -6911 
-889 -6783 -830 -6783 
-889 -6783 -830 -6783 
-877 -6655 -814 -6655 
-877 -6655 -814 -6655 
-865 -6527 -801 -6527 
-865 -6527 -801 -6527 
-856 -6399 -788 -6399 
-856 -6399 -788 -6399 
-847 -6271 -776 -6271 
-847 -6271 -776 -6271 
-833 -6143 -762 -6143 
-833 -6143 -762 -6143 
-822 -6015 -752 -6015 
-822 -6015 -752 -6015 
-810 -5887 -742 -5887 
-810 -5887 -742 -5887 
-798 -5759 -726 -5759 
-798 -5759 -726 -5759 
-785 -5631 -725 -5631 
-785 -5631 -725 -5631 
-770 -5503 -688 -5503 
-770 -5503 -688 -5503 
-758 -5375 -667 -5375 
-758 -5375 -667 -5375 
-741 -5247 -651 -5247 
-741 -5247 -651 -5247 
-728 -5119 -634 -5119 
-728 -5119 -634 -5119 
-726 -4991 -619 -4991 
-726 -4991 -619 -4991 
-704 -4863 -602 -4863 
-704 -4863 -602 -4863 
-683 -4735 -583 -4735 
-683 -4735 -583 -4735 
-663 -4607 -565 -4607 
-663 -4607 -565 -4607 
-646 -4479 -547 -4479 
-646 -4479 -547 -4479 
-628 -4351 -528 -4351 
-628 -4351 -528 -4351 
-612 -4223 -509 -4223 
-612 -4223 -509 -4223 
-582 -4095 -486 -4095 
-582 -4095 -486 -4095 
-558 -3967 -469 -3967 
-558 -3967 -469 -3967 
-539 -3839 -450 -3839 
-539 -3839 -450 -3839 
-520 -3711 -431 -3711 
-520 -3711 -431 -3711 
-505 -3583 -409 -3583 
-505 -3583 -409 -3583 
-483 -3455 -392 -3455 
-483 -3455 -392 -3455 
-464 -3327 -372 -3327 
-464 -3327 -372 -3327 
-446 -3199 -354 -3199 
-446 -3199 -354 -3199 
-425 -3071 -333 -3071 
-425 -3071 -333 -3071 
-403 -2943 -315 -2943 
-403 -2943 -315 -2943 
-380 -2815 -295 -2815 
-380 -2815 -295 -2815 
-359 -2687 -276 -2687 
-359 -2687 -276 -2687 
-334 -2559 -253 -2559 
-334 -2559 -253 -2559 
-311 -2431 -235 -2431 
-311 -2431 -235 -2431 
-286 -2303 -215 -2303 
-286 -2303 -215 -2303 
-261 -2175 -193 -2175 
-261 -2175 -193 -2175 
-239 -2047 -175 -2047 
-239 -2047 -175 -2047 
-213 -1919 -153 -1919 
-213 -1919 -153 -1919 
-188 -1791 -133 -1791 
-188 -1791 -133 -1791 
-165 -1663 -113 -1663 
-165 -1663 -113 -1663 
-141 -1535 -96 -1535 
-141 -1535 -96 -1535 
-118 -1407 -76 -1407 
-118 -1407 -76 -1407 
-95 -1279 -58 -1279 
-95 -1279 -58 -1279 
-74 -1151 -41 -1151 
-74 -1151 -41 -1151 
-55 -1023 -23 -1023 
-55 -1023 -23 -1023 
-34 -895 0 -895 
-34 -895 0 -895 
0 -767 0 -767 
0 -767 0 -767 
0 -639 0 -639 
0 -639 0 -639 
0 -511 0 -511 
0 -511 0 -511 
0 -383 0 -383 
0 -383 0 -383 
0 -255 0 -255 
0 -255 0 -255 
0 -127 0 -127 
0 -127 0 -127 
0 1 0 1 
0 1 0 1 
0 129 0 129 
0 129 0 129 
0 257 0 257 
0 257 0 257 
0 385 0 385 
0 385 0 385 
0 513 0 513 
0 513 0 513 
0 641 0 641 
0 641 0 641 
0 769 0 769 
0 769 0 769 
0 897 0 897 
0 897 0 897 
0 1025 0 1025 
0 1025 0 1025 
0 1153 47 1153 
0 1153 47 1153 
101 1281 70 1281 
101 1281 70 1281 
126 1409 85 1409 
126 1409 85 1409 
149 1537 103 1537 
149 1537 103 1537 
171 1665 121 1665 
171 1665 121 1665 
193 1793 140 1793 
193 1793 140 1793 
214 1921 158 1921 
214 1921 158 1921 
243 2049 175 2049 
243 2049 175 2049 
273 2177 194 2177 
273 2177 194 2177 
296 2305 214 2305 
296 2305 214 2305 
319 2433 232 2433 
319 2433 232 2433 
339 2561 252 2561 
339 2561 252 2561 
364 2689 271 2689 
364 2689 271 2689 
383 2817 290 2817 
383 2817 290 2817 
403 2945 309 2945 
403 2945 309 2945 
424 3073 327 3073 
424 3073 327 3073 
444 3201 348 3201 
444 3201 348 3201 
461 3329 363 3329 
461 3329 363 3329 
481 3457 380 3457 
481 3457 380 3457 
498 3585 397 3585 
498 3585 397 3585 
518 3713 415 3713 
518 3713 415 3713 
536 3841 433 3841 
536 3841 433 3841 
553 3969 451 3969 
553 3969 451 3969 
568 4097 469 4097 
568 4097 469 4097 
584 4225 483 4225 
584 4225 483 4225 
599 4353 501 4353 
599 4353 501 4353 
611 4481 520 4481 
611 4481 520 4481 
626 4609 535 4609 
626 4609 535 4609 
639 4737 552 4737 
639 4737 552 4737 
651 4865 571 4865 
651 4865 571 4865 
664 4993 589 4993 
664 4993 589 4993 
675 5121 607 5121 
675 5121 607 5121 
688 5249 634 5249 
688 5249 634 5249 
707 5377 651 5377 
707 5377 651 5377 
774 5505 661 5505 
774 5505 661 5505 
789 5633 673 5633 
789 5633 673 5633 
807 5761 688 5761 
807 5761 688 5761 
817 5889 704 5889 
817 5889 704 5889 
833 6017 726 6017 
833 6017 726 6017 
847 6145 726 6145 
847 6145 726 6145 
858 6273 726 6273 
858 6273 726 6273 
872 6401 758 6401 
872 6401 758 6401 
883 6529 770 6529 
883 6529 770 6529 
891 6657 780 6657 
891 6657 780 6657 
905 6785 794 6785 
905 6785 794 6785 
917 6913 809 6913 
917 6913 809 6913 
926 7041 828 7041 
926 7041 828 7041 
934 7169 840 7169 
934 7169 840 7169 
943 7297 851 7297 
943 7297 851 7297 
952 7425 863 7425 
952 7425 863 7425 
962 7553 871 7553 
962 7553 871 7553 
974 7681 880 7681 
974 7681 880 7681 
978 7809 887 7809 
978 7809 887 7809 
983 7937 895 7937 
983 7937 895 7937 
992 8065 909 8065 
992 8065 909 8065 
998 8193 915 8193 
998 8193 915 8193 
1005 8321 923 8321 
1005 8321 923 8321 
1011 8449 932 8449 
1011 8449 932 8449 
1018 8577 936 8577 
1018 8577 936 8577 
1023 8705 945 8705 
1023 8705 945 8705 
1028 8833 949 8833 
1028 8833 949 8833 
1036 8961 957 8961 
1036 8961 957 8961 
1041 9089 963 9089 
1041 9089 963 9089 
1044 9217 968 9217 
1044 9217 968 9217 
1050 9345 975 9345 
1050 9345 975 9345 
1056 9473 983 9473 
1056 9473 983 9473 
1061 9601 992 9601 
1061 9601 992 9601 
1064 9729 995 9729 
1064 9729 995 9729 
1070 9857 1001 9857 
1070 9857 1001 9857 
1075 9985 1007 9985 
1075 9985 1007 9985 
1078 10113 1009 10113 
1078 10113 1009 10113 
1083 10241 1015 10241 
1083 10241 1015 10241 
1089 10369 1021 10369 
1089 10369 1021 10369 
1089 10497 1028 10497 
1089 10497 1028 10497 
1089 10625 1034 10625 
1089 10625 1034 10625 
1089 10753 1037 10753 
1089 10753 1037 10753 
1089 10881 1042 10881 
1089 10881 1042 10881 
1089 11009 1047 11009 
1089 11009 1047 11009 
1110 11137 1051 11137 
1110 11137 1051 11137 
1114 11265 1055 11265 
1114 11265 1055 11265 
1120 11393 1059 11393 
1120 11393 1059 11393 
1122 11521 1064 11521 
1122 11521 1064 11521 
1126 11649 1070 11649 
1126 11649 1070 11649 
1127 11777 1074 11777 
1127 11777 1074 11777 
1128 11905 1078 11905 
1128 11905 1078 11905 
1134 12033 1081 12033 
1134 12033 1081 12033 
1138 12161 1089 12161 
1138 12161 1089 12161 
1141 12289 1089 12289 
1141 12289 1089 12289 
1142 12417 1089 12417 
1142 12417 1089 12417 
1146 12545 1089 12545 
1146 12545 1089 12545 
1147 12673 1088 12673 
1147 12673 1088 12673 
1152 12801 1089 12801 
1152 12801 1089 12801 
1158 12929 1089 12929 
1158 12929 1089 12929 
1159 13057 1098 13057 
1159 13057 1098 13057 
1162 13185 1118 13185 
1162 13185 1118 13185 
1162 13313 1121 13313 
1162 13313 1121 13313 
1167 13441 1126 13441 
1167 13441 1126 13441 
1166 13569 1131 13569 
1166 13569 1131 13569 
1169 13697 1133 13697 
1169 13697 1133 13697 
1173 13825 1137 13825 
1173 13825 1137 13825 
1176 13953 1139 13953 
1176 13953 1139 13953 
1177 14081 1138 14081 
1177 14081 1138 14081 
1179 14209 1141 14209 
1179 14209 1141 14209 
1181 14337 1143 14337 
1181 14337 1143 14337 
1184 14465 1146 14465 
1184 14465 1146 14465 
1187 14593 1149 14593 
1187 14593 1149 14593 
1188 14721 1153 14721 
1188 14721 1153 14721 
1189 14849 1154 14849 
1189 14849 1154 14849 
1191 14977 1157 14977 
1191 14977 1157 14977 
1194 15105 1159 15105 
1194 15105 1159 15105 
1195 15233 1161 15233 
1195 15233 1161 15233 
1196 15361 1162 15361 
1196 15361 1162 15361 
1198 15489 1158 15489 
1198 15489 1158 15489 
1200 15617 1162 15617 
1200 15617 1162 15617 
1203 15745 1160 15745 
1203 15745 1160 15745 
1206 15873 1161 15873 
1206 15873 1161 15873 
1207 16001 1161 16001 
1207 16001 1161 16001 
1210 16129 1164 16129 
1210 16129 1164 16129 
1210 16257 1168 16257 
1210 16257 1168 16257 
1211 16385 1171 16385 
1211 16385 1171 16385 
1210 16513 1173 16513 
1210 16513 1173 16513 
1214 16641 1174 16641 
1214 16641 1174 16641 
1215 16769 1177 16769 
1215 16769 1177 16769 
1217 16897 1178 16897 
1217 16897 1178 16897 
1220 17025 1179 17025 
1220 17025 1179 17025 
1221 17153 1183 17153 
1221 17153 1183 17153 
1223 17281 1183 17281 
1223 17281 1183 17281 
1222 17409 1186 17409 
1222 17409 1186 17409 
1223 17537 1190 17537 
1223 17537 1190 17537 
1224 17665 1190 17665 
1224 17665 1190 17665 
1225 17793 1191 17793 
1225 17793 1191 17793 
1226 17921 1192 17921 
1226 17921 1192 17921 
1226 18049 1196 18049 
1226 18049 1196 18049 
1227 18177 1199 18177 
1227 18177 1199 18177 
1228 18305 1198 18305 
1228 18305 1198 18305 
1229 18433 1199 18433 
1229 18433 1199 18433 
1232 18561 1200 18561 
1232 18561 1200 18561 
1232 18689 1202 18689 
1232 18689 1202 18689 
1232 18817 1204 18817 
1232 18817 1204 18817 
1235 18945 1211 18945 
1235 18945 1211 18945 
1235 19073 1210 19073 
1235 19073 1210 19073 
1236 19201 1210 19201 
1236 19201 1210 19201 
1236 19329 1210 19329 
1236 19329 1210 19329 
1238 19457 1210 19457 
1238 19457 1210 19457 
1238 19585 1210 19585 
1238 19585 1210 19585 
1239 19713 1210 19713 
1239 19713 1210 19713 
1239 19841 1216 19841 
1239 19841 1216 19841 
1241 19969 1218 19969 
1241 19969 1218 19969 
1243 20097 1219 20097 
1243 20097 1219 20097 
1244 20225 1219 20225 
1244 20225 1219 20225 
1245 20353 1221 20353 
1245 20353 1221 20353 
1245 20481 1222 20481 
1245 20481 1222 20481 
1245 20609 1224 20609 
1245 20609 1224 20609 
1246 20737 1227 20737 
1246 20737 1227 20737 
1248 20865 1228 20865 
1248 20865 1228 20865 
1249 20993 1229 20993 
1249 20993 1229 20993 
1250 21121 1231 21121 
1250 21121 1231 21121 
1252 21249 1230 21249 
1252 21249 1230 21249 
1253 21377 1230 21377 
1253 21377 1230 21377 
1253 21505 1230 21505 
1253 21505 1230 21505 
1253 21633 1234 21633 
1253 21633 1234 21633 
1254 21761 1235 21761 
1254 21761 1235 21761 
1255 21889 1235 21889 
1255 21889 1235 21889 
1257 22017 1236 22017 
1257 22017 1236 22017 
1258 22145 1237 22145 
1258 22145 1237 22145 
1257 22273 1237 22273 
1257 22273 1237 22273 
1257 22401 1240 22401 
1257 22401 1240 22401 
1258 22529 1242 22529 
1258 22529 1242 22529 
1257 22657 1242 22657 
1257 22657 1242 22657 
1259 22785 1243 22785 
1259 22785 1243 22785 
1260 22913 1245 22913 
1260 22913 1245 22913 
1261 23041 1244 23041 
1261 23041 1244 23041 
1258 23169 1245 23169 
1258 23169 1245 23169 
1259 23297 1245 23297 
1259 23297 1245 23297 
1260 23425 1247 23425 
1260 23425 1247 23425 
1262 23553 1248 23553 
1262 23553 1248 23553 
1262 23681 1248 23681 
1262 23681 1248 23681 
1265 23809 1249 23809 
1265 23809 1249 23809 
1264 23937 1249 23937 
1264 23937 1249 23937 
1264 24065 1251 24065 
1264 24065 1251 24065 
1265 24193 1252 24193 
1265 24193 1252 24193 
1267 24321 1253 24321 
1267 24321 1253 24321 
1266 24449 1255 24449 
1266 24449 1255 24449 
1267 24577 1254 24577 
1267 24577 1254 24577 
1268 24705 1255 24705 
1268 24705 1255 24705 
1270 24833 1257 24833 
1270 24833 1257 24833 
1263 24961 1253 24961 
1263 24961 1253 24961 
1269 25089 1257 25089 
1269 25089 1257 25089 
1270 25217 1259 25217 
1270 25217 1259 25217 
1269 25345 1258 25345 
1269 25345 1258 25345 
1271 25473 1261 25473 
1271 25473 1261 25473 
1273 25601 1260 25601 
1273 25601 1260 25601 
1274 25729 1261 25729 
1274 25729 1261 25729 
1273 25857 1261 25857 
1273 25857 1261 25857 
1275 25985 1263 25985 
1275 25985 1263 25985 
1276 26113 1264 26113 
1276 26113 1264 26113 
1278 26241 1263 26241 
1278 26241 1263 26241 
1278 26369 1264 26369 
1278 26369 1264 26369 
1279 26497 1265 26497 
1279 26497 1265 26497 
1278 26625 1265 26625 
1278 26625 1265 26625 
1280 26753 1267 26753 
1280 26753 1267 26753 
1280 26881 1267 26881 
1280 26881 1267 26881 
1280 27009 1270 27009 
1280 27009 1270 27009 
1279 27137 1270 27137 
1279 27137 1270 27137 
1281 27265 1269 27265 
1281 27265 1269 27265 
1283 27393 1271 27393 
1283 27393 1271 27393 
1283 27521 1270 27521 
1283 27521 1270 27521 
1283 27649 1271 27649 
1283 27649 1271 27649 
1284 27777 1273 27777 
1284 27777 1273 27777 
1285 27905 1275 27905 
1285 27905 1275 27905 
1285 28033 1275 28033 
1285 28033 1275 28033 
1285 28161 1276 28161 
1285 28161 1276 28161 
1285 28289 1274 28289 
1285 28289 1274 28289 
1286 28417 1277 28417 
1286 28417 1277 28417 
1284 28545 1277 28545 
1284 28545 1277 28545 
1285 28673 1278 28673 
1285 28673 1278 28673 
1285 28801 1278 28801 
1285 28801 1278 28801 
1287 28929 1279 28929 
1287 28929 1279 28929 
1287 29057 1280 29057 
1287 29057 1280 29057 
1287 29185 1280 29185 
1287 29185 1280 29185 
1288 29313 1280 29313 
1288 29313 1280 29313 
1288 29441 1280 29441 
1288 29441 1280 29441 
1289 29569 1280 29569 
1289 29569 1280 29569 
1289 29697 1281 29697 
1289 29697 1281 29697 
1289 29825 1282 29825 
1289 29825 1282 29825 
1291 29953 1283 29953 
1291 29953 1283 29953 
1291 30081 1283 30081 
1291 30081 1283 30081 
1291 30209 1283 30209 
1291 30209 1283 30209 
1290 30337 1285 30337 
1290 30337 1285 30337 
1293 30465 1285 30465 
1293 30465 1285 30465 
1292 30593 1285 30593 
1292 30593 1285 30593 
1293 30721 1286 30721 
1293 30721 1286 30721 
1295 30849 1286 30849 
1295 30849 1286 30849 
1294 30977 1287 30977 
1294 30977 1287 30977 
1294 31105 1288 31105 
1294 31105 1288 31105 
1295 31233 1288 31233 
1295 31233 1288 31233 
1296 31361 1290 31361 
1296 31361 1290 31361 
1296 31489 1290 31489 
1296 31489 1290 31489 
1299 31617 1291 31617 
1299 31617 1291 31617 
1297 31745 1292 31745 
1297 31745 1292 31745 
1298 31873 1293 31873 
1298 31873 1293 31873 
1297 32001 1294 32001 
1297 32001 1294 32001 
1297 32129 1295 32129 
1297 32129 1295 32129 
1299 32257 1296 32257 
1299 32257 1296 32257 
1300 32385 1298 32385 
1300 32385 1298 32385 
1302 32513 1301 32513 
1302 32513 1301 32513 
1306 32641 1306 32641 
1305 32767 1305 32767 
1305 32767 1305 32767 
