inputLeft outputLeft inputRight outputRight

0 0 0 0 
0 0 0 0 
0 -32255 0 -32255 
0 -32255 0 -32255 
-1299 -32127 -1281 -32127 
-1299 -32127 -1281 -32127 
-1298 -31999 -1283 -31999 
-1298 -31999 -1283 -31999 
-1302 -31871 -1284 -31871 
-1302 -31871 -1284 -31871 
-1303 -31743 -1283 -31743 
-1303 -31743 -1283 -31743 
-1304 -31615 -1283 -31615 
-1304 -31615 -1283 -31615 
-1304 -31487 -1282 -31487 
-1304 -31487 -1282 -31487 
-1303 -31359 -1282 -31359 
-1303 -31359 -1282 -31359 
-1300 -31231 -1282 -31231 
-1300 -31231 -1282 -31231 
-1301 -31103 -1281 -31103 
-1301 -31103 -1281 -31103 
-1300 -30975 -1280 -30975 
-1300 -30975 -1280 -30975 
-1299 -30847 -1280 -30847 
-1299 -30847 -1280 -30847 
-1298 -30719 -1280 -30719 
-1298 -30719 -1280 -30719 
-1298 -30591 -1280 -30591 
-1298 -30591 -1280 -30591 
-1299 -30463 -1280 -30463 
-1299 -30463 -1280 -30463 
-1297 -30335 -1280 -30335 
-1297 -30335 -1280 -30335 
-1296 -30207 -1280 -30207 
-1296 -30207 -1280 -30207 
-1296 -30079 -1279 -30079 
-1296 -30079 -1279 -30079 
-1296 -29951 -1279 -29951 
-1296 -29951 -1279 -29951 
-1294 -29823 -1278 -29823 
-1294 -29823 -1278 -29823 
-1294 -29695 -1278 -29695 
-1294 -29695 -1278 -29695 
-1295 -29567 -1277 -29567 
-1295 -29567 -1277 -29567 
-1294 -29439 -1277 -29439 
-1294 -29439 -1277 -29439 
-1293 -29311 -1277 -29311 
-1293 -29311 -1277 -29311 
-1292 -29183 -1277 -29183 
-1292 -29183 -1277 -29183 
-1292 -29055 -1276 -29055 
-1292 -29055 -1276 -29055 
-1292 -28927 -1278 -28927 
-1292 -28927 -1278 -28927 
-1292 -28799 -1276 -28799 
-1292 -28799 -1276 -28799 
-1292 -28671 -1276 -28671 
-1292 -28671 -1276 -28671 
-1292 -28543 -1276 -28543 
-1292 -28543 -1276 -28543 
-1290 -28415 -1274 -28415 
-1290 -28415 -1274 -28415 
-1289 -28287 -1275 -28287 
-1289 -28287 -1275 -28287 
-1289 -28159 -1272 -28159 
-1289 -28159 -1272 -28159 
-1288 -28031 -1272 -28031 
-1288 -28031 -1272 -28031 
-1288 -27903 -1271 -27903 
-1288 -27903 -1271 -27903 
-1288 -27775 -1271 -27775 
-1288 -27775 -1271 -27775 
-1287 -27647 -1271 -27647 
-1287 -27647 -1271 -27647 
-1286 -27519 -1270 -27519 
-1286 -27519 -1270 -27519 
-1284 -27391 -1271 -27391 
-1284 -27391 -1271 -27391 
-1285 -27263 -1270 -27263 
-1285 -27263 -1270 -27263 
-1284 -27135 -1270 -27135 
-1284 -27135 -1270 -27135 
-1282 -27007 -1270 -27007 
-1282 -27007 -1270 -27007 
-1282 -26879 -1268 -26879 
-1282 -26879 -1268 -26879 
-1280 -26751 -1268 -26751 
-1280 -26751 -1268 -26751 
-1281 -26623 -1267 -26623 
-1281 -26623 -1267 -26623 
-1278 -26495 -1266 -26495 
-1278 -26495 -1266 -26495 
-1279 -26367 -1265 -26367 
-1279 -26367 -1265 -26367 
-1278 -26239 -1264 -26239 
-1278 -26239 -1264 -26239 
-1278 -26111 -1266 -26111 
-1278 -26111 -1266 -26111 
-1276 -25983 -1264 -25983 
-1276 -25983 -1264 -25983 
-1276 -25855 -1264 -25855 
-1276 -25855 -1264 -25855 
-1276 -25727 -1264 -25727 
-1276 -25727 -1264 -25727 
-1277 -25599 -1263 -25599 
-1277 -25599 -1263 -25599 
-1276 -25471 -1262 -25471 
-1276 -25471 -1262 -25471 
-1274 -25343 -1261 -25343 
-1274 -25343 -1261 -25343 
-1276 -25215 -1260 -25215 
-1276 -25215 -1260 -25215 
-1274 -25087 -1260 -25087 
-1274 -25087 -1260 -25087 
-1271 -24959 -1261 -24959 
-1271 -24959 -1261 -24959 
-1270 -24831 -1260 -24831 
-1270 -24831 -1260 -24831 
-1271 -24703 -1259 -24703 
-1271 -24703 -1259 -24703 
-1270 -24575 -1257 -24575 
-1270 -24575 -1257 -24575 
-1271 -24447 -1258 -24447 
-1271 -24447 -1258 -24447 
-1270 -24319 -1256 -24319 
-1270 -24319 -1256 -24319 
-1270 -24191 -1256 -24191 
-1270 -24191 -1256 -24191 
-1270 -24063 -1255 -24063 
-1270 -24063 -1255 -24063 
-1268 -23935 -1256 -23935 
-1268 -23935 -1256 -23935 
-1267 -23807 -1255 -23807 
-1267 -23807 -1255 -23807 
-1266 -23679 -1255 -23679 
-1266 -23679 -1255 -23679 
-1267 -23551 -1254 -23551 
-1267 -23551 -1254 -23551 
-1266 -23423 -1253 -23423 
-1266 -23423 -1253 -23423 
-1264 -23295 -1253 -23295 
-1264 -23295 -1253 -23295 
-1262 -23167 -1251 -23167 
-1262 -23167 -1251 -23167 
-1261 -23039 -1252 -23039 
-1261 -23039 -1252 -23039 
-1260 -22911 -1252 -22911 
-1260 -22911 -1252 -22911 
-1261 -22783 -1249 -22783 
-1261 -22783 -1249 -22783 
-1260 -22655 -1250 -22655 
-1260 -22655 -1250 -22655 
-1260 -22527 -1248 -22527 
-1260 -22527 -1248 -22527 
-1261 -22399 -1248 -22399 
-1261 -22399 -1248 -22399 
-1259 -22271 -1245 -22271 
-1259 -22271 -1245 -22271 
-1258 -22143 -1245 -22143 
-1258 -22143 -1245 -22143 
-1257 -22015 -1245 -22015 
-1257 -22015 -1245 -22015 
-1256 -21887 -1243 -21887 
-1256 -21887 -1243 -21887 
-1255 -21759 -1241 -21759 
-1255 -21759 -1241 -21759 
-1253 -21631 -1242 -21631 
-1253 -21631 -1242 -21631 
-1252 -21503 -1241 -21503 
-1252 -21503 -1241 -21503 
-1252 -21375 -1240 -21375 
-1252 -21375 -1240 -21375 
-1251 -21247 -1241 -21247 
-1251 -21247 -1241 -21247 
-1249 -21119 -1240 -21119 
-1249 -21119 -1240 -21119 
-1250 -20991 -1238 -20991 
-1250 -20991 -1238 -20991 
-1248 -20863 -1238 -20863 
-1248 -20863 -1238 -20863 
-1248 -20735 -1236 -20735 
-1248 -20735 -1236 -20735 
-1248 -20607 -1236 -20607 
-1248 -20607 -1236 -20607 
-1245 -20479 -1236 -20479 
-1245 -20479 -1236 -20479 
-1245 -20351 -1236 -20351 
-1245 -20351 -1236 -20351 
-1246 -20223 -1235 -20223 
-1246 -20223 -1235 -20223 
-1242 -20095 -1236 -20095 
-1242 -20095 -1236 -20095 
-1241 -19967 -1234 -19967 
-1241 -19967 -1234 -19967 
-1240 -19839 -1234 -19839 
-1240 -19839 -1234 -19839 
-1239 -19711 -1235 -19711 
-1239 -19711 -1235 -19711 
-1237 -19583 -1234 -19583 
-1237 -19583 -1234 -19583 
-1238 -19455 -1234 -19455 
-1238 -19455 -1234 -19455 
-1237 -19327 -1233 -19327 
-1237 -19327 -1233 -19327 
-1234 -19199 -1233 -19199 
-1234 -19199 -1233 -19199 
-1233 -19071 -1232 -19071 
-1233 -19071 -1232 -19071 
-1234 -18943 -1232 -18943 
-1234 -18943 -1232 -18943 
-1233 -18815 -1231 -18815 
-1233 -18815 -1231 -18815 
-1230 -18687 -1229 -18687 
-1230 -18687 -1229 -18687 
-1229 -18559 -1227 -18559 
-1229 -18559 -1227 -18559 
-1226 -18431 -1225 -18431 
-1226 -18431 -1225 -18431 
-1226 -18303 -1223 -18303 
-1226 -18303 -1223 -18303 
-1223 -18175 -1223 -18175 
-1223 -18175 -1223 -18175 
-1223 -18047 -1222 -18047 
-1223 -18047 -1222 -18047 
-1220 -17919 -1218 -17919 
-1220 -17919 -1218 -17919 
-1218 -17791 -1218 -17791 
-1218 -17791 -1218 -17791 
-1218 -17663 -1219 -17663 
-1218 -17663 -1219 -17663 
-1218 -17535 -1217 -17535 
-1218 -17535 -1217 -17535 
-1214 -17407 -1214 -17407 
-1214 -17407 -1214 -17407 
-1209 -17279 -1214 -17279 
-1209 -17279 -1214 -17279 
-1210 -17151 -1210 -17151 
-1210 -17151 -1210 -17151 
-1210 -17023 -1210 -17023 
-1210 -17023 -1210 -17023 
-1211 -16895 -1210 -16895 
-1211 -16895 -1210 -16895 
-1210 -16767 -1210 -16767 
-1210 -16767 -1210 -16767 
-1210 -16639 -1211 -16639 
-1210 -16639 -1211 -16639 
-1203 -16511 -1209 -16511 
-1203 -16511 -1209 -16511 
-1203 -16383 -1203 -16383 
-1203 -16383 -1203 -16383 
-1198 -16255 -1200 -16255 
-1198 -16255 -1200 -16255 
-1198 -16127 -1198 -16127 
-1198 -16127 -1198 -16127 
-1196 -15999 -1199 -15999 
-1196 -15999 -1199 -15999 
-1195 -15871 -1198 -15871 
-1195 -15871 -1198 -15871 
-1194 -15743 -1198 -15743 
-1194 -15743 -1198 -15743 
-1192 -15615 -1196 -15615 
-1192 -15615 -1196 -15615 
-1191 -15487 -1194 -15487 
-1191 -15487 -1194 -15487 
-1192 -15359 -1193 -15359 
-1192 -15359 -1193 -15359 
-1191 -15231 -1189 -15231 
-1191 -15231 -1189 -15231 
-1189 -15103 -1189 -15103 
-1189 -15103 -1189 -15103 
-1185 -14975 -1190 -14975 
-1185 -14975 -1190 -14975 
-1183 -14847 -1188 -14847 
-1183 -14847 -1188 -14847 
-1180 -14719 -1183 -14719 
-1180 -14719 -1183 -14719 
-1177 -14591 -1182 -14591 
-1177 -14591 -1182 -14591 
-1175 -14463 -1179 -14463 
-1175 -14463 -1179 -14463 
-1172 -14335 -1179 -14335 
-1172 -14335 -1179 -14335 
-1166 -14207 -1177 -14207 
-1166 -14207 -1177 -14207 
-1164 -14079 -1173 -14079 
-1164 -14079 -1173 -14079 
-1164 -13951 -1168 -13951 
-1164 -13951 -1168 -13951 
-1166 -13823 -1167 -13823 
-1166 -13823 -1167 -13823 
-1162 -13695 -1162 -13695 
-1162 -13695 -1162 -13695 
-1160 -13567 -1164 -13567 
-1160 -13567 -1164 -13567 
-1154 -13439 -1160 -13439 
-1154 -13439 -1160 -13439 
-1150 -13311 -1157 -13311 
-1150 -13311 -1157 -13311 
-1147 -13183 -1155 -13183 
-1147 -13183 -1155 -13183 
-1143 -13055 -1151 -13055 
-1143 -13055 -1151 -13055 
-1141 -12927 -1146 -12927 
-1141 -12927 -1146 -12927 
-1139 -12799 -1141 -12799 
-1139 -12799 -1141 -12799 
-1137 -12671 -1141 -12671 
-1137 -12671 -1141 -12671 
-1133 -12543 -1141 -12543 
-1133 -12543 -1141 -12543 
-1126 -12415 -1139 -12415 
-1126 -12415 -1139 -12415 
-1119 -12287 -1133 -12287 
-1119 -12287 -1133 -12287 
-1117 -12159 -1128 -12159 
-1117 -12159 -1128 -12159 
-1114 -12031 -1126 -12031 
-1114 -12031 -1126 -12031 
-1116 -11903 -1121 -11903 
-1116 -11903 -1121 -11903 
-1113 -11775 -1118 -11775 
-1113 -11775 -1118 -11775 
-1110 -11647 -1117 -11647 
-1110 -11647 -1117 -11647 
-1102 -11519 -1116 -11519 
-1102 -11519 -1116 -11519 
-1093 -11391 -1113 -11391 
-1093 -11391 -1113 -11391 
-1089 -11263 -1108 -11263 
-1089 -11263 -1108 -11263 
-1090 -11135 -1104 -11135 
-1090 -11135 -1104 -11135 
-1089 -11007 -1095 -11007 
-1089 -11007 -1095 -11007 
-1089 -10879 -1089 -10879 
-1089 -10879 -1089 -10879 
-1089 -10751 -1089 -10751 
-1089 -10751 -1089 -10751 
-1090 -10623 -1089 -10623 
-1090 -10623 -1089 -10623 
-1062 -10495 -1089 -10495 
-1062 -10495 -1089 -10495 
-1057 -10367 -1089 -10367 
-1057 -10367 -1089 -10367 
-1053 -10239 -1089 -10239 
-1053 -10239 -1089 -10239 
-1051 -10111 -1088 -10111 
-1051 -10111 -1088 -10111 
-1045 -9983 -1089 -9983 
-1045 -9983 -1089 -9983 
-1041 -9855 -1060 -9855 
-1041 -9855 -1060 -9855 
-1036 -9727 -1051 -9727 
-1036 -9727 -1051 -9727 
-1030 -9599 -1049 -9599 
-1030 -9599 -1049 -9599 
-1020 -9471 -1043 -9471 
-1020 -9471 -1043 -9471 
-1012 -9343 -1038 -9343 
-1012 -9343 -1038 -9343 
-1007 -9215 -1035 -9215 
-1007 -9215 -1035 -9215 
-1002 -9087 -1025 -9087 
-1002 -9087 -1025 -9087 
-1000 -8959 -1022 -8959 
-1000 -8959 -1022 -8959 
-995 -8831 -1016 -8831 
-995 -8831 -1016 -8831 
-988 -8703 -1007 -8703 
-988 -8703 -1007 -8703 
-982 -8575 -1000 -8575 
-982 -8575 -1000 -8575 
-974 -8447 -993 -8447 
-974 -8447 -993 -8447 
-968 -8319 -985 -8319 
-968 -8319 -985 -8319 
-968 -8191 -976 -8191 
-968 -8191 -976 -8191 
-950 -8063 -968 -8063 
-950 -8063 -968 -8063 
-943 -7935 -962 -7935 
-943 -7935 -962 -7935 
-935 -7807 -950 -7807 
-935 -7807 -950 -7807 
-926 -7679 -943 -7679 
-926 -7679 -943 -7679 
-917 -7551 -937 -7551 
-917 -7551 -937 -7551 
-907 -7423 -926 -7423 
-907 -7423 -926 -7423 
-900 -7295 -917 -7295 
-900 -7295 -917 -7295 
-887 -7167 -907 -7167 
-887 -7167 -907 -7167 
-877 -7039 -897 -7039 
-877 -7039 -897 -7039 
-868 -6911 -889 -6911 
-868 -6911 -889 -6911 
-858 -6783 -881 -6783 
-858 -6783 -881 -6783 
-848 -6655 -867 -6655 
-848 -6655 -867 -6655 
-839 -6527 -859 -6527 
-839 -6527 -859 -6527 
-830 -6399 -847 -6399 
-830 -6399 -847 -6399 
-819 -6271 -838 -6271 
-819 -6271 -838 -6271 
-809 -6143 -833 -6143 
-809 -6143 -833 -6143 
-796 -6015 -821 -6015 
-796 -6015 -821 -6015 
-782 -5887 -807 -5887 
-782 -5887 -807 -5887 
-770 -5759 -796 -5759 
-770 -5759 -796 -5759 
-756 -5631 -778 -5631 
-756 -5631 -778 -5631 
-744 -5503 -765 -5503 
-744 -5503 -765 -5503 
-726 -5375 -756 -5375 
-726 -5375 -756 -5375 
-726 -5247 -738 -5247 
-726 -5247 -738 -5247 
-725 -5119 -711 -5119 
-725 -5119 -711 -5119 
-684 -4991 -693 -4991 
-684 -4991 -693 -4991 
-662 -4863 -679 -4863 
-662 -4863 -679 -4863 
-646 -4735 -671 -4735 
-646 -4735 -671 -4735 
-628 -4607 -658 -4607 
-628 -4607 -658 -4607 
-596 -4479 -637 -4479 
-596 -4479 -637 -4479 
-581 -4351 -617 -4351 
-581 -4351 -617 -4351 
-564 -4223 -599 -4223 
-564 -4223 -599 -4223 
-547 -4095 -577 -4095 
-547 -4095 -577 -4095 
-529 -3967 -555 -3967 
-529 -3967 -555 -3967 
-512 -3839 -533 -3839 
-512 -3839 -533 -3839 
-494 -3711 -514 -3711 
-494 -3711 -514 -3711 
-476 -3583 -494 -3583 
-476 -3583 -494 -3583 
-459 -3455 -475 -3455 
-459 -3455 -475 -3455 
-439 -3327 -452 -3327 
-439 -3327 -452 -3327 
-418 -3199 -426 -3199 
-418 -3199 -426 -3199 
-397 -3071 -405 -3071 
-397 -3071 -405 -3071 
-377 -2943 -379 -2943 
-377 -2943 -379 -2943 
-355 -2815 -363 -2815 
-355 -2815 -363 -2815 
-332 -2687 -331 -2687 
-332 -2687 -331 -2687 
-311 -2559 -305 -2559 
-311 -2559 -305 -2559 
-255 -2431 -280 -2431 
-255 -2431 -280 -2431 
-233 -2303 -256 -2303 
-233 -2303 -256 -2303 
-213 -2175 -230 -2175 
-213 -2175 -230 -2175 
-191 -2047 -206 -2047 
-191 -2047 -206 -2047 
-170 -1919 -182 -1919 
-170 -1919 -182 -1919 
-150 -1791 -155 -1791 
-150 -1791 -155 -1791 
-129 -1663 -130 -1663 
-129 -1663 -130 -1663 
-108 -1535 -107 -1535 
-108 -1535 -107 -1535 
-87 -1407 -84 -1407 
-87 -1407 -84 -1407 
-66 -1279 -61 -1279 
-66 -1279 -61 -1279 
-44 -1151 -39 -1151 
-44 -1151 -39 -1151 
-20 -1023 0 -1023 
-20 -1023 0 -1023 
0 -895 0 -895 
0 -895 0 -895 
0 -767 0 -767 
0 -767 0 -767 
0 -639 0 -639 
0 -639 0 -639 
0 -511 0 -511 
0 -511 0 -511 
0 -383 0 -383 
0 -383 0 -383 
0 -255 0 -255 
0 -255 0 -255 
0 -127 0 -127 
0 -127 0 -127 
0 1 0 1 
0 1 0 1 
0 129 0 129 
0 129 0 129 
0 257 0 257 
0 257 0 257 
0 385 0 385 
0 385 0 385 
0 513 0 513 
0 513 0 513 
0 641 0 641 
0 641 0 641 
0 769 0 769 
0 769 0 769 
0 897 0 897 
0 897 0 897 
0 1025 0 1025 
0 1025 0 1025 
0 1153 0 1153 
0 1153 0 1153 
64 1281 0 1281 
64 1281 0 1281 
96 1409 51 1409 
96 1409 51 1409 
117 1537 132 1537 
117 1537 132 1537 
137 1665 155 1665 
137 1665 155 1665 
156 1793 177 1793 
156 1793 177 1793 
175 1921 200 1921 
175 1921 200 1921 
196 2049 222 2049 
196 2049 222 2049 
216 2177 242 2177 
216 2177 242 2177 
236 2305 270 2305 
236 2305 270 2305 
255 2433 293 2433 
255 2433 293 2433 
273 2561 315 2561 
273 2561 315 2561 
292 2689 338 2689 
292 2689 338 2689 
308 2817 366 2817 
308 2817 366 2817 
325 2945 380 2945 
325 2945 380 2945 
344 3073 405 3073 
344 3073 405 3073 
364 3201 430 3201 
364 3201 430 3201 
379 3329 448 3329 
379 3329 448 3329 
398 3457 470 3457 
398 3457 470 3457 
415 3585 491 3585 
415 3585 491 3585 
433 3713 511 3713 
433 3713 511 3713 
451 3841 529 3841 
451 3841 529 3841 
467 3969 549 3969 
467 3969 549 3969 
483 4097 568 4097 
483 4097 568 4097 
500 4225 586 4225 
500 4225 586 4225 
516 4353 603 4353 
516 4353 603 4353 
531 4481 616 4481 
531 4481 616 4481 
544 4609 637 4609 
544 4609 637 4609 
561 4737 657 4737 
561 4737 657 4737 
574 4865 675 4865 
574 4865 675 4865 
589 4993 693 4993 
589 4993 693 4993 
601 5121 703 5121 
601 5121 703 5121 
617 5249 718 5249 
617 5249 718 5249 
632 5377 726 5377 
632 5377 726 5377 
645 5505 727 5505 
645 5505 727 5505 
659 5633 780 5633 
659 5633 780 5633 
672 5761 797 5761 
672 5761 797 5761 
713 5889 808 5889 
713 5889 808 5889 
741 6017 820 6017 
741 6017 820 6017 
755 6145 831 6145 
755 6145 831 6145 
765 6273 838 6273 
765 6273 838 6273 
778 6401 850 6401 
778 6401 850 6401 
791 6529 860 6529 
791 6529 860 6529 
803 6657 866 6657 
803 6657 866 6657 
815 6785 870 6785 
815 6785 870 6785 
829 6913 880 6913 
829 6913 880 6913 
838 7041 894 7041 
838 7041 894 7041 
849 7169 910 7169 
849 7169 910 7169 
854 7297 909 7297 
854 7297 909 7297 
862 7425 927 7425 
862 7425 927 7425 
873 7553 936 7553 
873 7553 936 7553 
890 7681 943 7681 
890 7681 943 7681 
900 7809 951 7809 
900 7809 951 7809 
906 7937 955 7937 
906 7937 955 7937 
924 8065 965 8065 
924 8065 965 8065 
932 8193 973 8193 
932 8193 973 8193 
943 8321 978 8321 
943 8321 978 8321 
948 8449 984 8449 
948 8449 984 8449 
955 8577 989 8577 
955 8577 989 8577 
963 8705 1000 8705 
963 8705 1000 8705 
967 8833 1006 8833 
967 8833 1006 8833 
978 8961 1010 8961 
978 8961 1010 8961 
984 9089 1017 9089 
984 9089 1017 9089 
993 9217 1022 9217 
993 9217 1022 9217 
1006 9345 1029 9345 
1006 9345 1029 9345 
1011 9473 1032 9473 
1011 9473 1032 9473 
1017 9601 1038 9601 
1017 9601 1038 9601 
1022 9729 1043 9729 
1022 9729 1043 9729 
1026 9857 1050 9857 
1026 9857 1050 9857 
1034 9985 1055 9985 
1034 9985 1055 9985 
1042 10113 1061 10113 
1042 10113 1061 10113 
1046 10241 1069 10241 
1046 10241 1069 10241 
1054 10369 1071 10369 
1054 10369 1071 10369 
1056 10497 1074 10497 
1056 10497 1074 10497 
1065 10625 1080 10625 
1065 10625 1080 10625 
1071 10753 1084 10753 
1071 10753 1084 10753 
1072 10881 1089 10881 
1072 10881 1089 10881 
1076 11009 1089 11009 
1076 11009 1089 11009 
1082 11137 1089 11137 
1082 11137 1089 11137 
1088 11265 1089 11265 
1088 11265 1089 11265 
1090 11393 1088 11393 
1090 11393 1088 11393 
1089 11521 1088 11521 
1089 11521 1088 11521 
1088 11649 1089 11649 
1088 11649 1089 11649 
1089 11777 1089 11777 
1089 11777 1089 11777 
1105 11905 1088 11905 
1105 11905 1088 11905 
1112 12033 1112 12033 
1112 12033 1112 12033 
1112 12161 1113 12161 
1112 12161 1113 12161 
1117 12289 1117 12289 
1117 12289 1117 12289 
1120 12417 1120 12417 
1120 12417 1120 12417 
1123 12545 1122 12545 
1123 12545 1122 12545 
1127 12673 1129 12673 
1127 12673 1129 12673 
1133 12801 1132 12801 
1133 12801 1132 12801 
1131 12929 1131 12929 
1131 12929 1131 12929 
1135 13057 1136 13057 
1135 13057 1136 13057 
1139 13185 1140 13185 
1139 13185 1140 13185 
1143 13313 1143 13313 
1143 13313 1143 13313 
1146 13441 1143 13441 
1146 13441 1143 13441 
1151 13569 1148 13569 
1151 13569 1148 13569 
1154 13697 1151 13697 
1154 13697 1151 13697 
1157 13825 1153 13825 
1157 13825 1153 13825 
1161 13953 1154 13953 
1161 13953 1154 13953 
1161 14081 1158 14081 
1161 14081 1158 14081 
1164 14209 1161 14209 
1164 14209 1161 14209 
1167 14337 1162 14337 
1167 14337 1162 14337 
1172 14465 1161 14465 
1172 14465 1161 14465 
1173 14593 1164 14593 
1173 14593 1164 14593 
1172 14721 1166 14721 
1172 14721 1166 14721 
1178 14849 1167 14849 
1178 14849 1167 14849 
1178 14977 1169 14977 
1178 14977 1169 14977 
1183 15105 1174 15105 
1183 15105 1174 15105 
1185 15233 1175 15233 
1185 15233 1175 15233 
1188 15361 1178 15361 
1188 15361 1178 15361 
1189 15489 1178 15489 
1189 15489 1178 15489 
1192 15617 1182 15617 
1192 15617 1182 15617 
1191 15745 1183 15745 
1191 15745 1183 15745 
1191 15873 1184 15873 
1191 15873 1184 15873 
1196 16001 1186 16001 
1196 16001 1186 16001 
1196 16129 1187 16129 
1196 16129 1187 16129 
1198 16257 1188 16257 
1198 16257 1188 16257 
1199 16385 1188 16385 
1199 16385 1188 16385 
1203 16513 1191 16513 
1203 16513 1191 16513 
1203 16641 1193 16641 
1203 16641 1193 16641 
1207 16769 1193 16769 
1207 16769 1193 16769 
1210 16897 1195 16897 
1210 16897 1195 16897 
1210 17025 1196 17025 
1210 17025 1196 17025 
1211 17153 1199 17153 
1211 17153 1199 17153 
1215 17281 1202 17281 
1215 17281 1202 17281 
1220 17409 1200 17409 
1220 17409 1200 17409 
1217 17537 1203 17537 
1217 17537 1203 17537 
1220 17665 1204 17665 
1220 17665 1204 17665 
1221 17793 1201 17793 
1221 17793 1201 17793 
1221 17921 1206 17921 
1221 17921 1206 17921 
1225 18049 1208 18049 
1225 18049 1208 18049 
1226 18177 1209 18177 
1226 18177 1209 18177 
1227 18305 1210 18305 
1227 18305 1210 18305 
1228 18433 1212 18433 
1228 18433 1212 18433 
1228 18561 1210 18561 
1228 18561 1210 18561 
1233 18689 1210 18689 
1233 18689 1210 18689 
1234 18817 1210 18817 
1234 18817 1210 18817 
1234 18945 1213 18945 
1234 18945 1213 18945 
1236 19073 1215 19073 
1236 19073 1215 19073 
1236 19201 1216 19201 
1236 19201 1216 19201 
1241 19329 1216 19329 
1241 19329 1216 19329 
1240 19457 1216 19457 
1240 19457 1216 19457 
1241 19585 1217 19585 
1241 19585 1217 19585 
1241 19713 1218 19713 
1241 19713 1218 19713 
1244 19841 1219 19841 
1244 19841 1219 19841 
1244 19969 1221 19969 
1244 19969 1221 19969 
1244 20097 1221 20097 
1244 20097 1221 20097 
1247 20225 1222 20225 
1247 20225 1222 20225 
1246 20353 1225 20353 
1246 20353 1225 20353 
1248 20481 1223 20481 
1248 20481 1223 20481 
1247 20609 1227 20609 
1247 20609 1227 20609 
1251 20737 1227 20737 
1251 20737 1227 20737 
1252 20865 1228 20865 
1252 20865 1228 20865 
1255 20993 1228 20993 
1255 20993 1228 20993 
1254 21121 1232 21121 
1254 21121 1232 21121 
1256 21249 1233 21249 
1256 21249 1233 21249 
1256 21377 1231 21377 
1256 21377 1231 21377 
1257 21505 1232 21505 
1257 21505 1232 21505 
1259 21633 1236 21633 
1259 21633 1236 21633 
1257 21761 1236 21761 
1257 21761 1236 21761 
1260 21889 1236 21889 
1260 21889 1236 21889 
1260 22017 1238 22017 
1260 22017 1238 22017 
1261 22145 1238 22145 
1261 22145 1238 22145 
1262 22273 1238 22273 
1262 22273 1238 22273 
1264 22401 1238 22401 
1264 22401 1238 22401 
1264 22529 1239 22529 
1264 22529 1239 22529 
1264 22657 1239 22657 
1264 22657 1239 22657 
1266 22785 1240 22785 
1266 22785 1240 22785 
1268 22913 1242 22913 
1268 22913 1242 22913 
1268 23041 1242 23041 
1268 23041 1242 23041 
1268 23169 1240 23169 
1268 23169 1240 23169 
1267 23297 1240 23297 
1267 23297 1240 23297 
1269 23425 1242 23425 
1269 23425 1242 23425 
1267 23553 1243 23553 
1267 23553 1243 23553 
1268 23681 1244 23681 
1268 23681 1244 23681 
1269 23809 1245 23809 
1269 23809 1245 23809 
1270 23937 1245 23937 
1270 23937 1245 23937 
1270 24065 1245 24065 
1270 24065 1245 24065 
1270 24193 1245 24193 
1270 24193 1245 24193 
1272 24321 1244 24321 
1272 24321 1244 24321 
1274 24449 1246 24449 
1274 24449 1246 24449 
1275 24577 1246 24577 
1275 24577 1246 24577 
1275 24705 1247 24705 
1275 24705 1247 24705 
1276 24833 1249 24833 
1276 24833 1249 24833 
1278 24961 1250 24961 
1278 24961 1250 24961 
1280 25089 1250 25089 
1280 25089 1250 25089 
1279 25217 1252 25217 
1279 25217 1252 25217 
1280 25345 1252 25345 
1280 25345 1252 25345 
1281 25473 1251 25473 
1281 25473 1251 25473 
1281 25601 1252 25601 
1281 25601 1252 25601 
1281 25729 1252 25729 
1281 25729 1252 25729 
1281 25857 1253 25857 
1281 25857 1253 25857 
1281 25985 1254 25985 
1281 25985 1254 25985 
1283 26113 1253 26113 
1283 26113 1253 26113 
1282 26241 1254 26241 
1282 26241 1254 26241 
1285 26369 1254 26369 
1285 26369 1254 26369 
1284 26497 1256 26497 
1284 26497 1256 26497 
1284 26625 1257 26625 
1284 26625 1257 26625 
1285 26753 1258 26753 
1285 26753 1258 26753 
1287 26881 1258 26881 
1287 26881 1258 26881 
1288 27009 1257 27009 
1288 27009 1257 27009 
1289 27137 1259 27137 
1289 27137 1259 27137 
1288 27265 1259 27265 
1288 27265 1259 27265 
1288 27393 1259 27393 
1288 27393 1259 27393 
1290 27521 1260 27521 
1290 27521 1260 27521 
1292 27649 1262 27649 
1292 27649 1262 27649 
1293 27777 1262 27777 
1293 27777 1262 27777 
1291 27905 1261 27905 
1291 27905 1261 27905 
1291 28033 1262 28033 
1291 28033 1262 28033 
1292 28161 1263 28161 
1292 28161 1263 28161 
1292 28289 1263 28289 
1292 28289 1263 28289 
1292 28417 1262 28417 
1292 28417 1262 28417 
1291 28545 1266 28545 
1291 28545 1266 28545 
1292 28673 1264 28673 
1292 28673 1264 28673 
1294 28801 1265 28801 
1294 28801 1265 28801 
1295 28929 1266 28929 
1295 28929 1266 28929 
1296 29057 1265 29057 
1296 29057 1265 29057 
1298 29185 1268 29185 
1298 29185 1268 29185 
1297 29313 1266 29313 
1297 29313 1266 29313 
1297 29441 1267 29441 
1297 29441 1267 29441 
1297 29569 1267 29569 
1297 29569 1267 29569 
1296 29697 1269 29697 
1296 29697 1269 29697 
1299 29825 1268 29825 
1299 29825 1268 29825 
1297 29953 1270 29953 
1297 29953 1270 29953 
1299 30081 1269 30081 
1299 30081 1269 30081 
1298 30209 1269 30209 
1298 30209 1269 30209 
1299 30337 1271 30337 
1299 30337 1271 30337 
1299 30465 1271 30465 
1299 30465 1271 30465 
1300 30593 1273 30593 
1300 30593 1273 30593 
1300 30721 1273 30721 
1300 30721 1273 30721 
1301 30849 1274 30849 
1301 30849 1274 30849 
1301 30977 1276 30977 
1301 30977 1276 30977 
1303 31105 1275 31105 
1303 31105 1275 31105 
1302 31233 1276 31233 
1302 31233 1276 31233 
1303 31361 1277 31361 
1303 31361 1277 31361 
1304 31489 1278 31489 
1304 31489 1278 31489 
1304 31617 1276 31617 
1304 31617 1276 31617 
1304 31745 1276 31745 
1304 31745 1276 31745 
1306 31873 1277 31873 
1306 31873 1277 31873 
1307 32001 1278 32001 
1307 32001 1278 32001 
1307 32129 1279 32129 
1307 32129 1279 32129 
1309 32257 1281 32257 
1309 32257 1281 32257 
1311 32385 1282 32385 
1311 32385 1282 32385 
1315 32513 1283 32513 
1315 32513 1283 32513 
1319 32641 1288 32641 
1321 32767 1289 32767 
1321 32767 1289 32767 
