inputLeft outputLeft inputRight outputRight

0 0 0 0 
0 0 0 0 
-1270 -32383 -1255 -32383 
-1270 -32383 -1255 -32383 
-1268 -32255 -1255 -32255 
-1268 -32255 -1255 -32255 
-1266 -32127 -1257 -32127 
-1266 -32127 -1257 -32127 
-1266 -31999 -1256 -31999 
-1266 -31999 -1256 -31999 
-1265 -31871 -1256 -31871 
-1265 -31871 -1256 -31871 
-1264 -31743 -1257 -31743 
-1264 -31743 -1257 -31743 
-1264 -31615 -1256 -31615 
-1264 -31615 -1256 -31615 
-1265 -31487 -1256 -31487 
-1265 -31487 -1256 -31487 
-1267 -31359 -1257 -31359 
-1267 -31359 -1257 -31359 
-1265 -31231 -1256 -31231 
-1265 -31231 -1256 -31231 
-1267 -31103 -1255 -31103 
-1267 -31103 -1255 -31103 
-1268 -30975 -1254 -30975 
-1268 -30975 -1254 -30975 
-1267 -30847 -1256 -30847 
-1267 -30847 -1256 -30847 
-1264 -30719 -1256 -30719 
-1264 -30719 -1256 -30719 
-1267 -30591 -1254 -30591 
-1267 -30591 -1254 -30591 
-1267 -30463 -1255 -30463 
-1267 -30463 -1255 -30463 
-1266 -30335 -1255 -30335 
-1266 -30335 -1255 -30335 
-1266 -30207 -1255 -30207 
-1266 -30207 -1255 -30207 
-1266 -30079 -1256 -30079 
-1266 -30079 -1256 -30079 
-1264 -29951 -1255 -29951 
-1264 -29951 -1255 -29951 
-1267 -29823 -1256 -29823 
-1267 -29823 -1256 -29823 
-1266 -29695 -1254 -29695 
-1266 -29695 -1254 -29695 
-1265 -29567 -1254 -29567 
-1265 -29567 -1254 -29567 
-1266 -29439 -1253 -29439 
-1266 -29439 -1253 -29439 
-1264 -29311 -1254 -29311 
-1264 -29311 -1254 -29311 
-1263 -29183 -1254 -29183 
-1263 -29183 -1254 -29183 
-1263 -29055 -1253 -29055 
-1263 -29055 -1253 -29055 
-1265 -28927 -1254 -28927 
-1265 -28927 -1254 -28927 
-1264 -28799 -1253 -28799 
-1264 -28799 -1253 -28799 
-1263 -28671 -1252 -28671 
-1263 -28671 -1252 -28671 
-1265 -28543 -1251 -28543 
-1265 -28543 -1251 -28543 
-1263 -28415 -1251 -28415 
-1263 -28415 -1251 -28415 
-1262 -28287 -1252 -28287 
-1262 -28287 -1252 -28287 
-1261 -28159 -1252 -28159 
-1261 -28159 -1252 -28159 
-1260 -28031 -1251 -28031 
-1260 -28031 -1251 -28031 
-1259 -27903 -1251 -27903 
-1259 -27903 -1251 -27903 
-1258 -27775 -1250 -27775 
-1258 -27775 -1250 -27775 
-1258 -27647 -1250 -27647 
-1258 -27647 -1250 -27647 
-1258 -27519 -1251 -27519 
-1258 -27519 -1251 -27519 
-1259 -27391 -1251 -27391 
-1259 -27391 -1251 -27391 
-1257 -27263 -1250 -27263 
-1257 -27263 -1250 -27263 
-1258 -27135 -1248 -27135 
-1258 -27135 -1248 -27135 
-1257 -27007 -1248 -27007 
-1257 -27007 -1248 -27007 
-1256 -26879 -1249 -26879 
-1256 -26879 -1249 -26879 
-1255 -26751 -1246 -26751 
-1255 -26751 -1246 -26751 
-1254 -26623 -1247 -26623 
-1254 -26623 -1247 -26623 
-1254 -26495 -1246 -26495 
-1254 -26495 -1246 -26495 
-1256 -26367 -1245 -26367 
-1256 -26367 -1245 -26367 
-1255 -26239 -1245 -26239 
-1255 -26239 -1245 -26239 
-1255 -26111 -1246 -26111 
-1255 -26111 -1246 -26111 
-1255 -25983 -1245 -25983 
-1255 -25983 -1245 -25983 
-1255 -25855 -1244 -25855 
-1255 -25855 -1244 -25855 
-1253 -25727 -1244 -25727 
-1253 -25727 -1244 -25727 
-1253 -25599 -1244 -25599 
-1253 -25599 -1244 -25599 
-1251 -25471 -1243 -25471 
-1251 -25471 -1243 -25471 
-1250 -25343 -1242 -25343 
-1250 -25343 -1242 -25343 
-1250 -25215 -1241 -25215 
-1250 -25215 -1241 -25215 
-1251 -25087 -1242 -25087 
-1251 -25087 -1242 -25087 
-1250 -24959 -1240 -24959 
-1250 -24959 -1240 -24959 
-1251 -24831 -1240 -24831 
-1251 -24831 -1240 -24831 
-1252 -24703 -1240 -24703 
-1252 -24703 -1240 -24703 
-1251 -24575 -1239 -24575 
-1251 -24575 -1239 -24575 
-1254 -24447 -1238 -24447 
-1254 -24447 -1238 -24447 
-1252 -24319 -1238 -24319 
-1252 -24319 -1238 -24319 
-1254 -24191 -1237 -24191 
-1254 -24191 -1237 -24191 
-1250 -24063 -1236 -24063 
-1250 -24063 -1236 -24063 
-1250 -23935 -1235 -23935 
-1250 -23935 -1235 -23935 
-1250 -23807 -1236 -23807 
-1250 -23807 -1236 -23807 
-1251 -23679 -1237 -23679 
-1251 -23679 -1237 -23679 
-1249 -23551 -1236 -23551 
-1249 -23551 -1236 -23551 
-1248 -23423 -1235 -23423 
-1248 -23423 -1235 -23423 
-1246 -23295 -1234 -23295 
-1246 -23295 -1234 -23295 
-1248 -23167 -1234 -23167 
-1248 -23167 -1234 -23167 
-1245 -23039 -1233 -23039 
-1245 -23039 -1233 -23039 
-1246 -22911 -1231 -22911 
-1246 -22911 -1231 -22911 
-1246 -22783 -1230 -22783 
-1246 -22783 -1230 -22783 
-1244 -22655 -1228 -22655 
-1244 -22655 -1228 -22655 
-1244 -22527 -1228 -22527 
-1244 -22527 -1228 -22527 
-1243 -22399 -1228 -22399 
-1243 -22399 -1228 -22399 
-1242 -22271 -1228 -22271 
-1242 -22271 -1228 -22271 
-1242 -22143 -1228 -22143 
-1242 -22143 -1228 -22143 
-1242 -22015 -1227 -22015 
-1242 -22015 -1227 -22015 
-1240 -21887 -1225 -21887 
-1240 -21887 -1225 -21887 
-1240 -21759 -1225 -21759 
-1240 -21759 -1225 -21759 
-1239 -21631 -1225 -21631 
-1239 -21631 -1225 -21631 
-1237 -21503 -1226 -21503 
-1237 -21503 -1226 -21503 
-1236 -21375 -1225 -21375 
-1236 -21375 -1225 -21375 
-1236 -21247 -1224 -21247 
-1236 -21247 -1224 -21247 
-1237 -21119 -1223 -21119 
-1237 -21119 -1223 -21119 
-1234 -20991 -1224 -20991 
-1234 -20991 -1224 -20991 
-1233 -20863 -1222 -20863 
-1233 -20863 -1222 -20863 
-1232 -20735 -1224 -20735 
-1232 -20735 -1224 -20735 
-1230 -20607 -1221 -20607 
-1230 -20607 -1221 -20607 
-1228 -20479 -1222 -20479 
-1228 -20479 -1222 -20479 
-1226 -20351 -1220 -20351 
-1226 -20351 -1220 -20351 
-1226 -20223 -1219 -20223 
-1226 -20223 -1219 -20223 
-1223 -20095 -1218 -20095 
-1223 -20095 -1218 -20095 
-1220 -19967 -1218 -19967 
-1220 -19967 -1218 -19967 
-1220 -19839 -1216 -19839 
-1220 -19839 -1216 -19839 
-1217 -19711 -1215 -19711 
-1217 -19711 -1215 -19711 
-1217 -19583 -1213 -19583 
-1217 -19583 -1213 -19583 
-1215 -19455 -1212 -19455 
-1215 -19455 -1212 -19455 
-1214 -19327 -1210 -19327 
-1214 -19327 -1210 -19327 
-1214 -19199 -1214 -19199 
-1214 -19199 -1214 -19199 
-1210 -19071 -1214 -19071 
-1210 -19071 -1214 -19071 
-1210 -18943 -1210 -18943 
-1210 -18943 -1210 -18943 
-1205 -18815 -1210 -18815 
-1205 -18815 -1210 -18815 
-1204 -18687 -1206 -18687 
-1204 -18687 -1206 -18687 
-1202 -18559 -1210 -18559 
-1202 -18559 -1210 -18559 
-1204 -18431 -1206 -18431 
-1204 -18431 -1206 -18431 
-1203 -18303 -1204 -18303 
-1203 -18303 -1204 -18303 
-1202 -18175 -1203 -18175 
-1202 -18175 -1203 -18175 
-1200 -18047 -1201 -18047 
-1200 -18047 -1201 -18047 
-1197 -17919 -1200 -17919 
-1197 -17919 -1200 -17919 
-1196 -17791 -1200 -17791 
-1196 -17791 -1200 -17791 
-1195 -17663 -1200 -17663 
-1195 -17663 -1200 -17663 
-1195 -17535 -1198 -17535 
-1195 -17535 -1198 -17535 
-1193 -17407 -1198 -17407 
-1193 -17407 -1198 -17407 
-1193 -17279 -1194 -17279 
-1193 -17279 -1194 -17279 
-1191 -17151 -1194 -17151 
-1191 -17151 -1194 -17151 
-1185 -17023 -1191 -17023 
-1185 -17023 -1191 -17023 
-1185 -16895 -1188 -16895 
-1185 -16895 -1188 -16895 
-1185 -16767 -1187 -16767 
-1185 -16767 -1187 -16767 
-1184 -16639 -1187 -16639 
-1184 -16639 -1187 -16639 
-1185 -16511 -1186 -16511 
-1185 -16511 -1186 -16511 
-1180 -16383 -1185 -16383 
-1180 -16383 -1185 -16383 
-1178 -16255 -1185 -16255 
-1178 -16255 -1185 -16255 
-1176 -16127 -1185 -16127 
-1176 -16127 -1185 -16127 
-1174 -15999 -1182 -15999 
-1174 -15999 -1182 -15999 
-1172 -15871 -1182 -15871 
-1172 -15871 -1182 -15871 
-1173 -15743 -1178 -15743 
-1173 -15743 -1178 -15743 
-1172 -15615 -1176 -15615 
-1172 -15615 -1176 -15615 
-1167 -15487 -1177 -15487 
-1167 -15487 -1177 -15487 
-1165 -15359 -1174 -15359 
-1165 -15359 -1174 -15359 
-1165 -15231 -1172 -15231 
-1165 -15231 -1172 -15231 
-1162 -15103 -1168 -15103 
-1162 -15103 -1168 -15103 
-1160 -14975 -1168 -14975 
-1160 -14975 -1168 -14975 
-1159 -14847 -1164 -14847 
-1159 -14847 -1164 -14847 
-1157 -14719 -1161 -14719 
-1157 -14719 -1161 -14719 
-1155 -14591 -1161 -14591 
-1155 -14591 -1161 -14591 
-1153 -14463 -1156 -14463 
-1153 -14463 -1156 -14463 
-1148 -14335 -1155 -14335 
-1148 -14335 -1155 -14335 
-1145 -14207 -1155 -14207 
-1145 -14207 -1155 -14207 
-1143 -14079 -1149 -14079 
-1143 -14079 -1149 -14079 
-1141 -13951 -1147 -13951 
-1141 -13951 -1147 -13951 
-1141 -13823 -1144 -13823 
-1141 -13823 -1144 -13823 
-1140 -13695 -1143 -13695 
-1140 -13695 -1143 -13695 
-1137 -13567 -1140 -13567 
-1137 -13567 -1140 -13567 
-1136 -13439 -1138 -13439 
-1136 -13439 -1138 -13439 
-1136 -13311 -1136 -13311 
-1136 -13311 -1136 -13311 
-1136 -13183 -1133 -13183 
-1136 -13183 -1133 -13183 
-1132 -13055 -1130 -13055 
-1132 -13055 -1130 -13055 
-1128 -12927 -1128 -12927 
-1128 -12927 -1128 -12927 
-1127 -12799 -1127 -12799 
-1127 -12799 -1127 -12799 
-1118 -12671 -1125 -12671 
-1118 -12671 -1125 -12671 
-1121 -12543 -1121 -12543 
-1121 -12543 -1121 -12543 
-1119 -12415 -1118 -12415 
-1119 -12415 -1118 -12415 
-1116 -12287 -1116 -12287 
-1116 -12287 -1116 -12287 
-1108 -12159 -1112 -12159 
-1108 -12159 -1112 -12159 
-1107 -12031 -1109 -12031 
-1107 -12031 -1109 -12031 
-1102 -11903 -1105 -11903 
-1102 -11903 -1105 -11903 
-1098 -11775 -1100 -11775 
-1098 -11775 -1100 -11775 
-1088 -11647 -1095 -11647 
-1088 -11647 -1095 -11647 
-1088 -11519 -1089 -11519 
-1088 -11519 -1089 -11519 
-1089 -11391 -1089 -11391 
-1089 -11391 -1089 -11391 
-1089 -11263 -1089 -11263 
-1089 -11263 -1089 -11263 
-1089 -11135 -1089 -11135 
-1089 -11135 -1089 -11135 
-1090 -11007 -1089 -11007 
-1090 -11007 -1089 -11007 
-1070 -10879 -1089 -10879 
-1070 -10879 -1089 -10879 
-1068 -10751 -1089 -10751 
-1068 -10751 -1089 -10751 
-1064 -10623 -1089 -10623 
-1064 -10623 -1089 -10623 
-1053 -10495 -1089 -10495 
-1053 -10495 -1089 -10495 
-1051 -10367 -1058 -10367 
-1051 -10367 -1058 -10367 
-1047 -10239 -1054 -10239 
-1047 -10239 -1054 -10239 
-1037 -10111 -1048 -10111 
-1037 -10111 -1048 -10111 
-1035 -9983 -1042 -9983 
-1035 -9983 -1042 -9983 
-1030 -9855 -1037 -9855 
-1030 -9855 -1037 -9855 
-1024 -9727 -1038 -9727 
-1024 -9727 -1038 -9727 
-1024 -9599 -1038 -9599 
-1024 -9599 -1038 -9599 
-1016 -9471 -1030 -9471 
-1016 -9471 -1030 -9471 
-1007 -9343 -1022 -9343 
-1007 -9343 -1022 -9343 
-1003 -9215 -1016 -9215 
-1003 -9215 -1016 -9215 
-998 -9087 -1015 -9087 
-998 -9087 -1015 -9087 
-989 -8959 -1011 -8959 
-989 -8959 -1011 -8959 
-982 -8831 -1008 -8831 
-982 -8831 -1008 -8831 
-979 -8703 -1003 -8703 
-979 -8703 -1003 -8703 
-968 -8575 -993 -8575 
-968 -8575 -993 -8575 
-968 -8447 -985 -8447 
-968 -8447 -985 -8447 
-955 -8319 -977 -8319 
-955 -8319 -977 -8319 
-946 -8191 -967 -8191 
-946 -8191 -967 -8191 
-936 -8063 -960 -8063 
-936 -8063 -960 -8063 
-931 -7935 -961 -7935 
-931 -7935 -961 -7935 
-922 -7807 -950 -7807 
-922 -7807 -950 -7807 
-921 -7679 -938 -7679 
-921 -7679 -938 -7679 
-907 -7551 -933 -7551 
-907 -7551 -933 -7551 
-897 -7423 -931 -7423 
-897 -7423 -931 -7423 
-887 -7295 -922 -7295 
-887 -7295 -922 -7295 
-875 -7167 -912 -7167 
-875 -7167 -912 -7167 
-865 -7039 -908 -7039 
-865 -7039 -908 -7039 
-860 -6911 -892 -6911 
-860 -6911 -892 -6911 
-853 -6783 -883 -6783 
-853 -6783 -883 -6783 
-840 -6655 -865 -6655 
-840 -6655 -865 -6655 
-825 -6527 -860 -6527 
-825 -6527 -860 -6527 
-811 -6399 -843 -6399 
-811 -6399 -843 -6399 
-797 -6271 -830 -6271 
-797 -6271 -830 -6271 
-784 -6143 -824 -6143 
-784 -6143 -824 -6143 
-771 -6015 -819 -6015 
-771 -6015 -819 -6015 
-764 -5887 -807 -5887 
-764 -5887 -807 -5887 
-751 -5759 -787 -5759 
-751 -5759 -787 -5759 
-743 -5631 -770 -5631 
-743 -5631 -770 -5631 
-726 -5503 -726 -5503 
-726 -5503 -726 -5503 
-726 -5375 -726 -5375 
-726 -5375 -726 -5375 
-726 -5247 -726 -5247 
-726 -5247 -726 -5247 
-684 -5119 -689 -5119 
-684 -5119 -689 -5119 
-665 -4991 -682 -4991 
-665 -4991 -682 -4991 
-630 -4863 -670 -4863 
-630 -4863 -670 -4863 
-614 -4735 -654 -4735 
-614 -4735 -654 -4735 
-600 -4607 -639 -4607 
-600 -4607 -639 -4607 
-581 -4479 -619 -4479 
-581 -4479 -619 -4479 
-570 -4351 -599 -4351 
-570 -4351 -599 -4351 
-559 -4223 -578 -4223 
-559 -4223 -578 -4223 
-542 -4095 -552 -4095 
-542 -4095 -552 -4095 
-526 -3967 -538 -3967 
-526 -3967 -538 -3967 
-508 -3839 -516 -3839 
-508 -3839 -516 -3839 
-491 -3711 -498 -3711 
-491 -3711 -498 -3711 
-473 -3583 -480 -3583 
-473 -3583 -480 -3583 
-454 -3455 -457 -3455 
-454 -3455 -457 -3455 
-431 -3327 -433 -3327 
-431 -3327 -433 -3327 
-406 -3199 -412 -3199 
-406 -3199 -412 -3199 
-349 -3071 -388 -3071 
-349 -3071 -388 -3071 
-330 -2943 -363 -2943 
-330 -2943 -363 -2943 
-309 -2815 -337 -2815 
-309 -2815 -337 -2815 
-318 -2687 -315 -2687 
-318 -2687 -315 -2687 
-294 -2559 -292 -2559 
-294 -2559 -292 -2559 
-271 -2431 -270 -2431 
-271 -2431 -270 -2431 
-248 -2303 -246 -2303 
-248 -2303 -246 -2303 
-203 -2175 -221 -2175 
-203 -2175 -221 -2175 
-182 -2047 -198 -2047 
-182 -2047 -198 -2047 
-163 -1919 -176 -1919 
-163 -1919 -176 -1919 
-152 -1791 -151 -1791 
-152 -1791 -151 -1791 
-124 -1663 -127 -1663 
-124 -1663 -127 -1663 
-103 -1535 -104 -1535 
-103 -1535 -104 -1535 
-85 -1407 -81 -1407 
-85 -1407 -81 -1407 
-66 -1279 -60 -1279 
-66 -1279 -60 -1279 
-46 -1151 -40 -1151 
-46 -1151 -40 -1151 
-25 -1023 0 -1023 
-25 -1023 0 -1023 
0 -895 0 -895 
0 -895 0 -895 
0 -767 0 -767 
0 -767 0 -767 
0 -639 0 -639 
0 -639 0 -639 
0 -511 0 -511 
0 -511 0 -511 
0 -383 0 -383 
0 -383 0 -383 
0 -255 0 -255 
0 -255 0 -255 
0 -127 0 -127 
0 -127 0 -127 
0 1 0 1 
0 1 0 1 
0 129 0 129 
0 129 0 129 
0 257 0 257 
0 257 0 257 
0 385 0 385 
0 385 0 385 
0 513 0 513 
0 513 0 513 
0 641 0 641 
0 641 0 641 
0 769 0 769 
0 769 0 769 
0 897 0 897 
0 897 0 897 
0 1025 0 1025 
0 1025 0 1025 
0 1153 68 1153 
0 1153 68 1153 
74 1281 88 1281 
74 1281 88 1281 
93 1409 108 1409 
93 1409 108 1409 
112 1537 130 1537 
112 1537 130 1537 
130 1665 152 1665 
130 1665 152 1665 
148 1793 177 1793 
148 1793 177 1793 
166 1921 202 1921 
166 1921 202 1921 
185 2049 226 2049 
185 2049 226 2049 
198 2177 249 2177 
198 2177 249 2177 
217 2305 274 2305 
217 2305 274 2305 
237 2433 296 2433 
237 2433 296 2433 
255 2561 321 2561 
255 2561 321 2561 
272 2689 343 2689 
272 2689 343 2689 
288 2817 363 2817 
288 2817 363 2817 
305 2945 384 2945 
305 2945 384 2945 
324 3073 401 3073 
324 3073 401 3073 
342 3201 423 3201 
342 3201 423 3201 
363 3329 441 3329 
363 3329 441 3329 
380 3457 461 3457 
380 3457 461 3457 
396 3585 481 3585 
396 3585 481 3585 
416 3713 504 3713 
416 3713 504 3713 
434 3841 524 3841 
434 3841 524 3841 
449 3969 544 3969 
449 3969 544 3969 
470 4097 562 4097 
470 4097 562 4097 
486 4225 579 4225 
486 4225 579 4225 
503 4353 600 4353 
503 4353 600 4353 
518 4481 622 4481 
518 4481 622 4481 
531 4609 634 4609 
531 4609 634 4609 
543 4737 655 4737 
543 4737 655 4737 
557 4865 673 4865 
557 4865 673 4865 
574 4993 690 4993 
574 4993 690 4993 
586 5121 702 5121 
586 5121 702 5121 
600 5249 727 5249 
600 5249 727 5249 
614 5377 726 5377 
614 5377 726 5377 
629 5505 726 5505 
629 5505 726 5505 
640 5633 770 5633 
640 5633 770 5633 
651 5761 777 5761 
651 5761 777 5761 
669 5889 793 5889 
669 5889 793 5889 
681 6017 810 6017 
681 6017 810 6017 
690 6145 820 6145 
690 6145 820 6145 
704 6273 831 6273 
704 6273 831 6273 
727 6401 836 6401 
727 6401 836 6401 
726 6529 849 6529 
726 6529 849 6529 
725 6657 863 6657 
725 6657 863 6657 
756 6785 873 6785 
756 6785 873 6785 
768 6913 886 6913 
768 6913 886 6913 
774 7041 893 7041 
774 7041 893 7041 
784 7169 901 7169 
784 7169 901 7169 
790 7297 908 7297 
790 7297 908 7297 
792 7425 916 7425 
792 7425 916 7425 
803 7553 927 7553 
803 7553 927 7553 
808 7681 933 7681 
808 7681 933 7681 
813 7809 941 7809 
813 7809 941 7809 
821 7937 951 7937 
821 7937 951 7937 
827 8065 959 8065 
827 8065 959 8065 
834 8193 966 8193 
834 8193 966 8193 
837 8321 971 8321 
837 8321 971 8321 
846 8449 980 8449 
846 8449 980 8449 
936 8577 986 8577 
936 8577 986 8577 
944 8705 989 8705 
944 8705 989 8705 
959 8833 993 8833 
959 8833 993 8833 
966 8961 1003 8961 
966 8961 1003 8961 
973 9089 1010 9089 
973 9089 1010 9089 
984 9217 1014 9217 
984 9217 1014 9217 
989 9345 1021 9345 
989 9345 1021 9345 
992 9473 1027 9473 
992 9473 1027 9473 
1000 9601 1028 9601 
1000 9601 1028 9601 
1000 9729 1037 9729 
1000 9729 1037 9729 
1008 9857 1042 9857 
1008 9857 1042 9857 
1018 9985 1049 9985 
1018 9985 1049 9985 
1024 10113 1052 10113 
1024 10113 1052 10113 
1033 10241 1056 10241 
1033 10241 1056 10241 
1033 10369 1061 10369 
1033 10369 1061 10369 
1042 10497 1068 10497 
1042 10497 1068 10497 
1047 10625 1072 10625 
1047 10625 1072 10625 
1052 10753 1078 10753 
1052 10753 1078 10753 
1054 10881 1089 10881 
1054 10881 1089 10881 
1055 11009 1089 11009 
1055 11009 1089 11009 
1062 11137 1089 11137 
1062 11137 1089 11137 
1068 11265 1089 11265 
1068 11265 1089 11265 
1072 11393 1089 11393 
1072 11393 1089 11393 
1081 11521 1089 11521 
1081 11521 1089 11521 
1082 11649 1089 11649 
1082 11649 1089 11649 
1089 11777 1088 11777 
1089 11777 1088 11777 
1088 11905 1089 11905 
1088 11905 1089 11905 
1089 12033 1114 12033 
1089 12033 1114 12033 
1088 12161 1114 12161 
1088 12161 1114 12161 
1090 12289 1119 12289 
1090 12289 1119 12289 
1088 12417 1121 12417 
1088 12417 1121 12417 
1089 12545 1126 12545 
1089 12545 1126 12545 
1116 12673 1129 12673 
1116 12673 1129 12673 
1117 12801 1127 12801 
1117 12801 1127 12801 
1121 12929 1129 12929 
1121 12929 1129 12929 
1126 13057 1131 13057 
1126 13057 1131 13057 
1129 13185 1136 13185 
1129 13185 1136 13185 
1132 13313 1144 13313 
1132 13313 1144 13313 
1132 13441 1142 13441 
1132 13441 1142 13441 
1135 13569 1149 13569 
1135 13569 1149 13569 
1140 13697 1154 13697 
1140 13697 1154 13697 
1146 13825 1152 13825 
1146 13825 1152 13825 
1149 13953 1155 13953 
1149 13953 1155 13953 
1149 14081 1156 14081 
1149 14081 1156 14081 
1158 14209 1155 14209 
1158 14209 1155 14209 
1154 14337 1158 14337 
1154 14337 1158 14337 
1157 14465 1155 14465 
1157 14465 1155 14465 
1157 14593 1161 14593 
1157 14593 1161 14593 
1158 14721 1162 14721 
1158 14721 1162 14721 
1164 14849 1162 14849 
1164 14849 1162 14849 
1165 14977 1167 14977 
1165 14977 1167 14977 
1168 15105 1168 15105 
1168 15105 1168 15105 
1169 15233 1172 15233 
1169 15233 1172 15233 
1171 15361 1175 15361 
1171 15361 1175 15361 
1172 15489 1176 15489 
1172 15489 1176 15489 
1173 15617 1180 15617 
1173 15617 1180 15617 
1175 15745 1178 15745 
1175 15745 1178 15745 
1182 15873 1182 15873 
1182 15873 1182 15873 
1180 16001 1188 16001 
1180 16001 1188 16001 
1183 16129 1187 16129 
1183 16129 1187 16129 
1187 16257 1189 16257 
1187 16257 1189 16257 
1186 16385 1187 16385 
1186 16385 1187 16385 
1189 16513 1191 16513 
1189 16513 1191 16513 
1193 16641 1190 16641 
1193 16641 1190 16641 
1192 16769 1189 16769 
1192 16769 1189 16769 
1194 16897 1189 16897 
1194 16897 1189 16897 
1196 17025 1193 17025 
1196 17025 1193 17025 
1198 17153 1193 17153 
1198 17153 1193 17153 
1200 17281 1193 17281 
1200 17281 1193 17281 
1202 17409 1198 17409 
1202 17409 1198 17409 
1205 17537 1199 17537 
1205 17537 1199 17537 
1205 17665 1198 17665 
1205 17665 1198 17665 
1210 17793 1200 17793 
1210 17793 1200 17793 
1210 17921 1205 17921 
1210 17921 1205 17921 
1211 18049 1207 18049 
1211 18049 1207 18049 
1210 18177 1208 18177 
1210 18177 1208 18177 
1213 18305 1209 18305 
1213 18305 1209 18305 
1214 18433 1209 18433 
1214 18433 1209 18433 
1219 18561 1210 18561 
1219 18561 1210 18561 
1219 18689 1210 18689 
1219 18689 1210 18689 
1218 18817 1210 18817 
1218 18817 1210 18817 
1220 18945 1211 18945 
1220 18945 1211 18945 
1224 19073 1210 19073 
1224 19073 1210 19073 
1222 19201 1213 19201 
1222 19201 1213 19201 
1224 19329 1210 19329 
1224 19329 1210 19329 
1226 19457 1214 19457 
1226 19457 1214 19457 
1227 19585 1216 19585 
1227 19585 1216 19585 
1228 19713 1216 19713 
1228 19713 1216 19713 
1230 19841 1217 19841 
1230 19841 1217 19841 
1231 19969 1220 19969 
1231 19969 1220 19969 
1233 20097 1219 20097 
1233 20097 1219 20097 
1233 20225 1221 20225 
1233 20225 1221 20225 
1239 20353 1224 20353 
1239 20353 1224 20353 
1239 20481 1224 20481 
1239 20481 1224 20481 
1238 20609 1224 20609 
1238 20609 1224 20609 
1237 20737 1226 20737 
1237 20737 1226 20737 
1240 20865 1226 20865 
1240 20865 1226 20865 
1245 20993 1228 20993 
1245 20993 1228 20993 
1243 21121 1228 21121 
1243 21121 1228 21121 
1242 21249 1232 21249 
1242 21249 1232 21249 
1244 21377 1231 21377 
1244 21377 1231 21377 
1244 21505 1229 21505 
1244 21505 1229 21505 
1246 21633 1231 21633 
1246 21633 1231 21633 
1248 21761 1233 21761 
1248 21761 1233 21761 
1248 21889 1232 21889 
1248 21889 1232 21889 
1251 22017 1234 22017 
1251 22017 1234 22017 
1250 22145 1235 22145 
1250 22145 1235 22145 
1250 22273 1237 22273 
1250 22273 1237 22273 
1252 22401 1236 22401 
1252 22401 1236 22401 
1254 22529 1236 22529 
1254 22529 1236 22529 
1254 22657 1235 22657 
1254 22657 1235 22657 
1254 22785 1237 22785 
1254 22785 1237 22785 
1255 22913 1236 22913 
1255 22913 1236 22913 
1257 23041 1238 23041 
1257 23041 1238 23041 
1256 23169 1240 23169 
1256 23169 1240 23169 
1258 23297 1241 23297 
1258 23297 1241 23297 
1257 23425 1242 23425 
1257 23425 1242 23425 
1259 23553 1242 23553 
1259 23553 1242 23553 
1260 23681 1241 23681 
1260 23681 1241 23681 
1258 23809 1241 23809 
1258 23809 1241 23809 
1258 23937 1242 23937 
1258 23937 1242 23937 
1260 24065 1244 24065 
1260 24065 1244 24065 
1260 24193 1241 24193 
1260 24193 1241 24193 
1261 24321 1242 24321 
1261 24321 1242 24321 
1263 24449 1243 24449 
1263 24449 1243 24449 
1264 24577 1244 24577 
1264 24577 1244 24577 
1265 24705 1245 24705 
1265 24705 1245 24705 
1266 24833 1244 24833 
1266 24833 1244 24833 
1268 24961 1248 24961 
1268 24961 1248 24961 
1270 25089 1249 25089 
1270 25089 1249 25089 
1269 25217 1249 25217 
1269 25217 1249 25217 
1268 25345 1250 25345 
1268 25345 1250 25345 
1270 25473 1250 25473 
1270 25473 1250 25473 
1271 25601 1250 25601 
1271 25601 1250 25601 
1271 25729 1251 25729 
1271 25729 1251 25729 
1275 25857 1253 25857 
1275 25857 1253 25857 
1274 25985 1251 25985 
1274 25985 1251 25985 
1276 26113 1251 26113 
1276 26113 1251 26113 
1276 26241 1252 26241 
1276 26241 1252 26241 
1275 26369 1251 26369 
1275 26369 1251 26369 
1279 26497 1255 26497 
1279 26497 1255 26497 
1278 26625 1255 26625 
1278 26625 1255 26625 
1283 26753 1256 26753 
1283 26753 1256 26753 
1281 26881 1256 26881 
1281 26881 1256 26881 
1283 27009 1259 27009 
1283 27009 1259 27009 
1284 27137 1258 27137 
1284 27137 1258 27137 
1283 27265 1259 27265 
1283 27265 1259 27265 
1285 27393 1259 27393 
1285 27393 1259 27393 
1283 27521 1259 27521 
1283 27521 1259 27521 
1283 27649 1259 27649 
1283 27649 1259 27649 
1283 27777 1261 27777 
1283 27777 1261 27777 
1283 27905 1260 27905 
1283 27905 1260 27905 
1285 28033 1260 28033 
1285 28033 1260 28033 
1288 28161 1261 28161 
1288 28161 1261 28161 
1287 28289 1262 28289 
1287 28289 1262 28289 
1287 28417 1261 28417 
1287 28417 1261 28417 
1288 28545 1262 28545 
1288 28545 1262 28545 
1289 28673 1263 28673 
1289 28673 1263 28673 
1290 28801 1262 28801 
1290 28801 1262 28801 
1291 28929 1264 28929 
1291 28929 1264 28929 
1290 29057 1266 29057 
1290 29057 1266 29057 
1291 29185 1265 29185 
1291 29185 1265 29185 
1291 29313 1268 29313 
1291 29313 1268 29313 
1290 29441 1268 29441 
1290 29441 1268 29441 
1290 29569 1269 29569 
1290 29569 1269 29569 
1293 29697 1268 29697 
1293 29697 1268 29697 
1293 29825 1271 29825 
1293 29825 1271 29825 
1294 29953 1269 29953 
1294 29953 1269 29953 
1292 30081 1270 30081 
1292 30081 1270 30081 
1292 30209 1269 30209 
1292 30209 1269 30209 
1294 30337 1272 30337 
1294 30337 1272 30337 
1294 30465 1271 30465 
1294 30465 1271 30465 
1293 30593 1272 30593 
1293 30593 1272 30593 
1294 30721 1273 30721 
1294 30721 1273 30721 
1295 30849 1273 30849 
1295 30849 1273 30849 
1296 30977 1273 30977 
1296 30977 1273 30977 
1297 31105 1273 31105 
1297 31105 1273 31105 
1297 31233 1274 31233 
1297 31233 1274 31233 
1298 31361 1274 31361 
1298 31361 1274 31361 
1299 31489 1274 31489 
1299 31489 1274 31489 
1298 31617 1275 31617 
1298 31617 1275 31617 
1300 31745 1276 31745 
1300 31745 1276 31745 
1300 31873 1276 31873 
1300 31873 1276 31873 
1301 32001 1278 32001 
1301 32001 1278 32001 
1303 32129 1279 32129 
1303 32129 1279 32129 
1303 32257 1280 32257 
1303 32257 1280 32257 
1304 32385 1279 32385 
1304 32385 1279 32385 
1307 32513 1283 32513 
1307 32513 1283 32513 
1312 32641 1287 32641 
1313 32767 1286 32767 
1313 32767 1286 32767 
